Title: The California Legacy Survey I. A Catalog of 177 Planets from Precision 
       Radial Velocity Monitoring of 719 Nearby Stars over Three Decades 
Authors: Rosenthal L.J., Fulton B.J., Hirsch L.A., Isaacson H.T., Howard A.W., 
         Dedrick C.M., Sherstyuk I.A., Blunt S.C., Petigura E.A., Knutson H.A.,
         Behmard A., Chontos A., Crepp J.R., Crossfield I.J.M., Dalba P.A., 
         Fischer D.A., Henry G.W., Kane S.R., Kosiarek M., Marcy G.W., 
         Rubenzahl R.A., Weiss L.M., Wright J.T.
Table: Stellar Catalog
================================================================================
Byte-by-byte Description of file: apjsabe23ct2_mrt.txt
--------------------------------------------------------------------------------
   Bytes Format Units       Label   Explanations
--------------------------------------------------------------------------------
   1-  3 I3     ---         Num     Internal index number
   5- 13 A9     ---         Name    Abbreviated CPS identifier
  15- 20 F6.1   K           Teff    Effective temperature
  22- 26 F5.1   K         e_Teff    Uncertainty in Teff
  28- 33 F6.3   [-]         [Fe/H]  Metallicity
  35- 39 F5.3   [-]       e_[Fe/H]  Uncertainty in [Fe/H]
  41- 45 F5.3   [cm/s2]     log(g)  log surface gravity
  47- 51 F5.3   [cm/s2]   e_log(g)  Uncertainty in log(g)
  53- 58 F6.3   solRad      R       Radius
  60- 64 F5.3   solRad    e_R       Uncertainty in R
  66- 70 F5.3   solMass     M       Mass
  72- 76 F5.3   solMass   e_M       Uncertainty in M
  78- 84 F7.4   mag         Vmag    Apparent V band magnitude
  86- 91 F6.4   mag         B-V     The (B-V) color
  93-100 F8.5   arcsec/yr   plx     Gaia DR2 parallax
--------------------------------------------------------------------------------
  0 10002     5313.8  74.9  0.251 0.058 4.449 0.03   0.949 0.021 0.928 0.04   5.4952 0.86    0.02929 
  1 10008     5315.9  80.8  0.024 0.059 4.553 0.018  0.832 0.014 0.897 0.028  5.7943 0.797   0.04159 
  2 100180    5983.4  93.3  0.009 0.06  4.361 0.032  1.125 0.026 1.062 0.049  4.3884 0.57    0.04226 
  3 100623    5200.9  60.4 -0.321 0.059 4.576 0.022  0.734 0.012 0.748 0.028  6.0826 0.81    0.10478 
  4 101259    5141.3  61.5 -0.634 0.061 3.178 0.059  4.724 0.115 1.228 0.148  2.4202 0.82    0.01476 
  5 10145     5641.2  77.6  0.004 0.058 4.333 0.027  1.08  0.025 0.921 0.036  4.8792 0.66    0.02664 
  6 101501    5503.6  72.8 -0.009 0.058 4.52  0.024  0.876 0.017 0.923 0.033  5.422  0.73    0.10439 
  7 102158    5848.0  50.0 -0.356 0.057 4.219 0.02   1.184 0.028 0.848 0.016  4.4431 0.63    0.01949 
  8 103095    5263.3  43.3 -1.146 0.057 4.684 0.017  0.596 0.004 0.628 0.02   6.6568 0.75    0.10896 
  9 103432    5651.2  78.7 -0.086 0.059 4.483 0.032  0.909 0.02  0.922 0.044  5.3776 0.71    0.02524 
 10 103829    5785.0  89.6  0.16  0.059 4.17  0.032  1.424 0.034 1.09  0.058  4.468  0.66    0.00993 
 11 104067    4939.0  63.8  0.087 0.059 4.564 0.024  0.781 0.014 0.818 0.03   6.338  0.99    0.04908 
 12 104304    5538.6  83.2  0.294 0.06  4.434 0.031  1.019 0.022 1.026 0.045  4.9859 0.78    0.07876 
 13 104556    4984.3  55.6 -0.39  0.06  3.28  0.049  3.764 0.088 0.983 0.103  2.9224 0.86    0.0176  
 14 10476     5215.3  70.7  0.004 0.056 4.516 0.028  0.835 0.017 0.842 0.033  5.8341 0.84    0.13149 
 15 104800    5939.1  56.0 -0.623 0.058 4.369 0.017  0.959 0.017 0.788 0.016  5.2365 0.58    0.01387 
 16 105113    5827.6  98.7 -0.12  0.062 3.973 0.099  1.732 0.261 1.054 0.085  3.0479 0.6    -1.0     
 17 105618    5699.6  89.9  0.355 0.055 4.268 0.03   1.295 0.032 1.131 0.046  4.5176 0.66    0.01424 
 18 105631    5420.8  72.3  0.203 0.058 4.502 0.024  0.92  0.017 0.975 0.038  5.5376 0.79    0.03982 
 19 106116    5654.8  92.4  0.16  0.06  4.342 0.032  1.115 0.026 1.002 0.047  4.8491 0.65    0.02899 
 20 106156    5417.3  76.7  0.219 0.06  4.492 0.025  0.93  0.017 0.975 0.041  5.466  0.79    0.03097 
 21 10697     5645.1  98.4  0.16  0.06  3.958 0.022  1.863 0.045 1.156 0.032  3.7284 0.665   0.03016 
 22 10700     5461.1  49.2 -0.417 0.058 4.508 0.013  0.799 0.01  0.755 0.015  5.6901 0.72    0.27396 
 23 107148    5752.9  86.2  0.296 0.058 4.345 0.028  1.169 0.027 1.105 0.043  4.4713 0.66    0.02021 
 24 10780     5312.3  80.6  0.055 0.056 4.547 0.02   0.842 0.013 0.904 0.03   5.6352 0.81    0.09957 
 25 10790     5474.0  89.1  0.375 0.057 4.252 0.032  1.248 0.036 1.02  0.04   5.0753 0.856   0.02354 
 26 108874    5570.0  90.9  0.221 0.061 4.359 0.032  1.091 0.026 0.996 0.046  4.5803 0.71    0.01677 
 27 109358    5846.0  85.8 -0.199 0.059 4.3   0.029  1.11  0.026 0.904 0.038  4.6461 0.59    0.11849 
 28 11020     5296.3  60.2 -0.155 0.053 4.497 0.015  0.829 0.014 0.793 0.018  6.0373 0.8     0.02263 
 29 110537    5694.6  92.4  0.105 0.06  4.266 0.031  1.214 0.029 0.996 0.044  4.4632 0.6     0.02215 
 30 110897    5898.4  62.9 -0.46  0.059 4.325 0.021  1.03  0.021 0.823 0.021  4.7498 0.55    0.05693 
 31 111031    5736.6  91.8  0.272 0.06  4.281 0.029  1.253 0.03  1.099 0.045  4.4487 0.7     0.03202 
 32 111395    5615.1  72.2  0.119 0.058 4.486 0.023  0.95  0.019 1.005 0.037  5.1157 0.703   0.05848 
 33 111484a   6196.3  81.0  0.084 0.059 4.35  0.025  1.205 0.024 1.193 0.04   4.4533 0.7     0.01145 
 34 111484b   6179.9  68.8  0.118 0.061 4.357 0.021  1.201 0.026 1.202 0.036  4.5533 0.7     0.01145 
 35 111515    5563.9  53.1 -0.474 0.058 4.494 0.016  0.816 0.012 0.762 0.018  5.4943 0.76    0.03084 
 36 112257    5666.4  73.1 -0.011 0.058 4.265 0.025  1.172 0.027 0.926 0.032  4.6865 0.65    0.02317 
 37 112914    4876.5  70.0 -0.254 0.056 4.619 0.018  0.684 0.012 0.709 0.025  6.6829 0.94    0.04308 
 38 114174    5694.1  90.3  0.061 0.06  4.32  0.031  1.125 0.027 0.968 0.044  4.7029 0.67    0.03791 
 39 114613    5633.5  96.0  0.178 0.062 3.882 0.019  2.114 0.053 1.247 0.028  3.2934 0.693   0.04927 
 40 114729    5755.8  98.6 -0.272 0.062 3.98  0.023  1.651 0.039 0.955 0.029  3.9696 0.62    0.02642 
 41 114762    6004.6  64.3 -0.603 0.058 4.155 0.023  1.257 0.031 0.827 0.018  4.2591 0.525   0.02486 
 42 114783    5126.7  68.3  0.151 0.058 4.526 0.027  0.841 0.017 0.867 0.036  6.0188 0.91    0.04745 
 43 114946    5047.9  60.0 -0.226 0.06  3.303 0.043  4.466 0.108 1.467 0.125  2.3957 0.87    0.02673 
 44 115404a   4994.4  68.3 -0.113 0.056 4.591 0.021  0.74  0.013 0.781 0.029  6.2687 0.94    0.09103 
 45 115589    5282.6  73.5  0.247 0.059 4.461 0.029  0.932 0.02  0.919 0.039  5.6776 0.9     0.01562 
 46 115617    5585.6  78.9  0.028 0.06  4.369 0.028  1.033 0.023 0.914 0.037  5.0776 0.72    0.11689 
 47 116321    6380.1  98.5  0.29  0.06  3.953 0.021  2.229 0.05  1.639 0.035  2.8679 0.531   0.00937 
 48 116442    5297.0  58.3 -0.31  0.059 4.546 0.02   0.765 0.011 0.759 0.026  6.0363 0.77    0.06025 
 49 116443    5145.0  58.0 -0.289 0.058 4.577 0.019  0.731 0.011 0.742 0.025  6.2348 0.82    0.06034 
 50 116956    5348.3  59.6  0.172 0.059 4.536 0.016  0.875 0.014 0.956 0.027  5.5924 0.804   0.04617 
 51 117176    5481.9 100.7 -0.04  0.061 3.893 0.021  1.922 0.048 1.061 0.029  3.7248 0.71    0.05583 
 52 117207    5634.8  95.6  0.225 0.061 4.342 0.032  1.128 0.027 1.024 0.047  4.6665 0.724   0.03088 
 53 117936    4780.9  62.1  0.088 0.058 4.584 0.02   0.749 0.013 0.786 0.026  6.658  1.0     0.05539 
 54 118914    5699.8  95.0  0.159 0.06  4.322 0.031  1.151 0.027 1.019 0.047  4.4913 0.66    0.01388 
 55 11964a    5345.6 100.5  0.138 0.06  3.873 0.02   2.048 0.053 1.151 0.033  3.764  0.83    0.02979 
 56 120066    5833.8  99.9  0.101 0.063 4.096 0.034  1.555 0.037 1.1   0.066  3.8701 0.66    0.03176 
 57 120136    6461.3  81.2  0.272 0.057 4.264 0.02   1.44  0.031 1.403 0.034  3.535  0.508   0.06403 
 58 12051     5472.0  86.1  0.23  0.06  4.407 0.033  1.017 0.023 0.967 0.046  5.1901 0.78    0.04038 
 59 122652    6155.4  88.4  0.019 0.06  4.348 0.03   1.175 0.029 1.135 0.047  4.2006 0.54    0.02529 
 60 124106    5091.8  73.5 -0.068 0.058 4.568 0.023  0.775 0.014 0.812 0.03   6.1049 0.87    0.04344 
 61 124292    5486.8  83.6 -0.047 0.057 4.465 0.032  0.905 0.02  0.876 0.041  3.8307 0.6     0.04579 
 62 125184    5712.0  87.4  0.308 0.06  4.083 0.036  1.646 0.039 1.176 0.073  3.9194 0.7     0.03049 
 63 125455    5155.5  73.3 -0.088 0.056 4.549 0.026  0.788 0.015 0.806 0.033  5.9916 0.84    0.04886 
 64 126053    5737.2  72.8 -0.282 0.061 4.402 0.026  0.952 0.02  0.84  0.032  5.0725 0.6     0.05734 
 65 12661     5661.2  94.1  0.338 0.059 4.316 0.029  1.198 0.027 1.085 0.044  4.5896 0.72    0.02639 
 66 126614    5409.8  84.5  0.408 0.046 4.174 0.026  1.37  0.031 1.021 0.033  4.5262 1.2     0.01365 
 67 127334    5676.8  95.2  0.229 0.061 4.275 0.031  1.236 0.029 1.049 0.047  4.5384 0.65    0.04279 
 68 128165    4840.1  63.2  0.015 0.057 4.576 0.02   0.748 0.013 0.773 0.026  6.5908 0.99    0.07551 
 69 128311    4931.9  66.0  0.134 0.059 4.574 0.02   0.783 0.013 0.837 0.029  6.4226 0.99    0.06121 
 70 12846     5713.6  80.3 -0.195 0.058 4.402 0.03   0.967 0.021 0.868 0.038  5.0714 0.618   0.04201 
 71 129010    6056.9  81.6  0.111 0.058 3.972 0.033  1.988 0.046 1.368 0.081  3.349  0.52    0.01393 
 72 129814    5778.8  93.7 -0.014 0.06  4.244 0.03   1.231 0.029 0.973 0.043  4.3993 0.6     0.02381 
 73 130004    4986.5  64.9 -0.208 0.053 4.601 0.02   0.714 0.013 0.747 0.027  6.4163 0.931   0.05316 
 74 130307    5014.2  66.1 -0.131 0.057 4.592 0.021  0.739 0.013 0.778 0.029  6.331  0.91    0.05157 
 75 130322    5400.5  66.8  0.086 0.058 4.526 0.024  0.872 0.017 0.933 0.032  5.6817 0.75    0.03134 
 76 13043     5869.7  87.4  0.092 0.058 4.167 0.031  1.429 0.033 1.092 0.056  4.03   0.62    0.02692 
 77 130871    4885.9  65.1 -0.148 0.051 4.598 0.019  0.712 0.012 0.738 0.025  6.6514 0.97    0.03226 
 78 130992    4796.4  65.0 -0.03  0.058 4.593 0.019  0.727 0.013 0.756 0.026  6.6428 1.04    0.05967 
 79 131117    5972.8  81.6  0.159 0.058 4.023 0.033  1.842 0.043 1.32  0.077  3.2788 0.6     0.02594 
 80 131156    5479.5  93.5 -0.08  0.062 4.539 0.036  0.841 0.037 0.893 0.035  5.4197 0.76    5.69305 
 81 131509    5049.8  81.0 -0.089 0.06  3.634 0.041  2.738 0.068 1.185 0.086  3.656  0.89    0.01291 
 82 132142    5316.6  55.4 -0.294 0.06  4.526 0.013  0.784 0.011 0.758 0.017  5.8374 0.79    0.04246 
 83 132505    5972.9 105.1  0.319 0.061 4.196 0.024  1.485 0.038 1.274 0.034  3.8243 0.61    0.01555 
 84 134439       0.0   0.0  0.54  0.05  4.571 0.01   0.63  0.05  0.54  0.05   6.7363 0.77    0.03399 
 85 134440       0.0   0.0  0.54  0.05  4.659 0.01   0.61  0.05  0.62  0.05   7.0769 0.84    0.0338  
 86 134987    5700.8  87.5  0.282 0.061 4.252 0.029  1.292 0.031 1.093 0.047  4.4042 0.7     0.03817 
 87 135101a   5637.8  97.8  0.078 0.062 4.09  0.026  1.499 0.036 1.013 0.037  4.409  0.68    0.0309  
 88 13612b    5665.5  91.8  0.107 0.059 4.39  0.034  1.048 0.024 0.986 0.05   4.4233 0.68    0.02609 
 89 136352    5746.5  65.0 -0.254 0.058 4.358 0.023  1.006 0.022 0.846 0.026  4.8348 0.639   0.06808 
 90 136442    4749.9  68.7  0.334 0.06  3.551 0.051  3.078 0.07  1.223 0.127  3.5132 1.06    0.02752 
 91 136713    4944.2  64.7  0.222 0.06  4.551 0.024  0.81  0.014 0.851 0.031  6.2957 0.95    0.04521 
 92 136834    4951.7  64.0  0.259 0.059 4.545 0.025  0.82  0.015 0.859 0.032  6.2747 1.0     0.03851 
 93 136925    5773.2  58.1 -0.217 0.059 4.226 0.022  1.193 0.028 0.875 0.022  4.6652 0.8     0.02086 
 94 137778    5099.4  59.5  0.236 0.059 4.548 0.022  0.837 0.014 0.903 0.029  6.0289 0.9     0.04838 
 95 138549    5584.5  85.5  0.066 0.06  4.452 0.033  0.96  0.022 0.953 0.048  5.3593 0.71    0.02765 
 96 138776    5631.3  78.3  0.362 0.056 4.215 0.029  1.365 0.032 1.11  0.053  4.6033 0.75    0.01303 
 97 1388      5904.8  95.1 -0.002 0.061 4.263 0.03   1.237 0.029 1.027 0.046  4.4126 0.59    0.03711 
 98 13931     5805.5  96.6  0.041 0.061 4.215 0.03   1.302 0.031 1.016 0.046  4.3192 0.642   0.02107 
 99 139323    5114.1  73.2  0.349 0.056 4.503 0.029  0.884 0.017 0.91  0.039  5.8107 0.96    0.04451 
100 139457    5981.1  99.7 -0.42  0.062 4.011 0.024  1.585 0.037 0.946 0.03   3.6645 0.56    0.02082 
101 13997     5468.1  85.3  0.301 0.06  4.435 0.033  1.002 0.023 0.999 0.047  5.348  0.8     0.02706 
102 140538a   5649.6  75.5  0.07  0.059 4.469 0.029  0.959 0.021 0.988 0.043  5.0466 0.646   0.06771 
103 141004    5885.4  94.3  0.025 0.062 4.174 0.031  1.389 0.033 1.052 0.051  4.0791 0.6     0.08461 
104 141272    5327.6  81.4  0.033 0.058 4.546 0.021  0.841 0.015 0.898 0.032  5.7931 0.801   0.04614 
105 141399    5594.8  86.5  0.366 0.057 4.194 0.032  1.387 0.031 1.091 0.056  4.4082 0.77    0.02699 
106 142229    5885.6  69.1  0.036 0.057 4.453 0.022  1.012 0.021 1.063 0.034  5.0417 0.58    0.02162 
107 142267    5828.6  65.8 -0.381 0.06  4.359 0.023  0.993 0.021 0.83  0.025  4.8896 0.6     0.05758 
108 143291    5349.3  59.7 -0.344 0.058 4.542 0.021  0.77  0.011 0.761 0.025  5.9283 0.77    0.03752 
109 143761    5770.3  84.0 -0.194 0.059 4.132 0.025  1.355 0.032 0.911 0.031  4.1938 0.61    0.05722 
110 14412     5388.2  68.3 -0.405 0.058 4.558 0.026  0.759 0.013 0.766 0.031  5.8248 0.73    0.07792 
111 144287    5480.4  67.2 -0.007 0.056 4.404 0.023  0.968 0.02  0.873 0.026  5.4401 0.771   0.04534 
112 144579    5446.3  47.5 -0.529 0.054 4.534 0.011  0.763 0.007 0.73  0.014  5.8734 0.73    0.06959 
113 144585    5795.1 107.0  0.307 0.06  4.22  0.029  1.397 0.033 1.185 0.05   4.0154 0.66    0.03631 
114 144988    5842.7  97.9 -0.18  0.062 3.786 0.019  2.329 0.054 1.216 0.032  2.8452 0.55    0.01463 
115 145675    5314.9  81.6  0.405 0.047 4.427 0.031  0.996 0.022 0.969 0.042  5.3762 0.9     0.05574 
116 145809    5711.9  97.3 -0.245 0.061 3.962 0.023  1.696 0.04  0.966 0.029  3.7295 0.59    0.02597 
117 145934    4823.7  78.1  0.095 0.06  3.011 0.059  6.931 0.172 1.813 0.232  5.1552 1.05    0.00436 
118 145958a   5555.9  70.5  0.052 0.058 4.35  0.024  1.053 0.022 0.911 0.031  4.7466 0.76    0.04115 
119 145958b   5521.2  70.7  0.058 0.058 4.369 0.024  1.025 0.021 0.904 0.031  4.8666 0.8     0.04126 
120 1461      5695.2  94.3  0.182 0.062 4.327 0.031  1.152 0.027 1.031 0.047  4.6106 0.68    0.04261 
121 146233    5709.7  78.4  0.035 0.059 4.467 0.027  0.966 0.019 0.995 0.044  4.7654 0.65    0.07077 
122 146362b   5886.4  79.3 -0.018 0.059 4.44  0.027  1.009 0.022 1.026 0.044  4.979  0.64    0.04415 
123 146775    5819.7  94.5 -0.055 0.06  4.36  0.034  1.072 0.025 0.964 0.048  4.6162 0.61    0.02499 
124 147231    5620.4  70.8  0.018 0.059 4.304 0.024  1.117 0.025 0.919 0.031  4.8529 0.63    0.02486 
125 149661    5237.3  69.9  0.074 0.059 4.54  0.025  0.837 0.016 0.885 0.033  5.8087 0.81    0.10081 
126 149724    5648.4  71.8  0.364 0.056 4.153 0.03   1.49  0.034 1.149 0.061  4.1079 0.75    0.01787 
127 149806    5313.7  72.5  0.238 0.058 4.499 0.029  0.908 0.02  0.949 0.039  5.5787 0.81    0.0493  
128 150433    5771.8  51.7 -0.273 0.061 4.307 0.019  1.068 0.023 0.845 0.017  4.8872 0.64    0.03283 
129 150437    5744.1  86.5  0.302 0.058 4.222 0.029  1.369 0.034 1.151 0.05   4.1432 0.67    0.01845 
130 150698    5870.4  94.0  0.223 0.061 3.965 0.037  1.954 0.046 1.27  0.084  3.3578 0.64    0.02125 
131 151541    5376.8  76.6 -0.114 0.058 4.496 0.028  0.849 0.018 0.831 0.034  5.6318 0.76    0.04124 
132 151877    5219.2  71.7 -0.076 0.058 4.54  0.028  0.804 0.016 0.825 0.035  5.854  0.82    0.03185 
133 152391    5448.0  62.9  0.036 0.057 4.528 0.023  0.869 0.018 0.93  0.029  5.4957 0.76    0.05954 
134 152792    5611.8 101.6 -0.322 0.062 3.83  0.021  2.028 0.049 1.022 0.025  3.3645 0.72    0.0214  
135 15335     5856.3  99.5 -0.135 0.061 3.937 0.022  1.85  0.046 1.084 0.033  3.4681 0.549   0.0317  
136 153458    5800.8  77.6  0.102 0.057 4.435 0.027  1.03  0.021 1.052 0.043  4.7863 0.61    0.02307 
137 153525    4825.1  65.4 -0.03  0.059 4.601 0.017  0.729 0.012 0.772 0.025  6.6643 1.04    0.05572 
138 153557    4916.5  98.4  0.005 0.062 4.58  0.1    0.755 0.026 0.794 0.031  6.5597 0.98   -1.0     
139 154088    5401.1  85.3  0.342 0.058 4.446 0.031  0.986 0.021 0.99  0.046  5.304  0.83    0.05471 
140 154345    5490.6  81.1 -0.07  0.06  4.505 0.032  0.87  0.019 0.886 0.041  5.4564 0.76    0.05466 
141 155712    4999.7  64.3 -0.048 0.052 4.559 0.022  0.767 0.013 0.784 0.028  6.3872 0.941   0.04797 
142 156279    5458.2  84.2  0.192 0.058 4.45  0.033  0.966 0.022 0.96  0.047  5.3266 0.801   0.0276  
143 156365    5848.1  76.9  0.289 0.059 4.018 0.034  1.873 0.045 1.346 0.078  3.2227 0.643   0.02338 
144 156668    4903.7  59.6  0.049 0.056 4.551 0.018  0.775 0.012 0.785 0.024  6.5244 1.015   0.04107 
145 156826    5105.5  75.3 -0.171 0.061 3.524 0.035  3.348 0.074 1.373 0.089  2.6838 0.85    0.02094 
146 156985    4863.9  64.5 -0.082 0.056 4.585 0.018  0.728 0.013 0.749 0.025  6.6108 1.02    0.05396 
147 157172    5475.3  83.0  0.173 0.06  4.457 0.033  0.959 0.022 0.962 0.047  5.2362 0.76    0.03027 
148 157214    5802.1  49.1 -0.296 0.059 4.27  0.02   1.116 0.026 0.847 0.016  4.6093 0.61    0.06875 
149 157338    5936.2  95.2 -0.1   0.061 4.268 0.03   1.206 0.028 0.989 0.044  4.3396 0.544   0.03018 
150 157347    5643.5  84.3  0.033 0.06  4.351 0.03   1.067 0.025 0.936 0.041  4.8474 0.65    0.05086 
151 158633    5350.8  59.5 -0.356 0.057 4.543 0.021  0.768 0.011 0.759 0.025  5.894  0.77    0.07817 
152 159062    5491.9  57.1 -0.272 0.061 4.468 0.015  0.856 0.014 0.791 0.016  5.4749 0.737   0.04612 
153 159063    6340.3  88.1  0.254 0.063 4.211 0.025  1.516 0.04  1.364 0.032  3.4858 0.482   0.02056 
154 159222    5876.7  81.8  0.166 0.06  4.389 0.031  1.11  0.027 1.104 0.045  4.6866 0.65    0.04128 
155 160693    5897.5  53.9 -0.435 0.059 4.273 0.02   1.1   0.024 0.831 0.017  4.6746 0.6     0.01741 
156 16141     5771.0  97.4  0.155 0.062 4.1   0.035  1.549 0.038 1.101 0.068  4.0041 0.71    0.02644 
157 161797    5633.0 106.2  0.318 0.062 4.022 0.035  1.739 0.04  1.163 0.069  3.7886 0.76    0.12033 
158 161848    5247.0  58.7 -0.246 0.06  4.535 0.014  0.776 0.011 0.759 0.019  5.9982 0.83    0.02697 
159 16275     5818.0  94.0  0.321 0.059 4.349 0.026  1.184 0.025 1.145 0.044  4.2904 0.62    0.01436 
160 16287     5013.2  64.0  0.182 0.059 4.569 0.017  0.805 0.011 0.872 0.026  6.1787 0.95    0.04109 
161 163153    5616.2 104.5  0.376 0.058 3.982 0.03   1.853 0.045 1.211 0.054  3.6615 0.75    0.02288 
162 163489    4849.1  42.8  0.127 0.059 2.836 0.028  9.414 0.215 2.216 0.119  3.037  1.11    0.00513 
163 16397     5882.5  52.6 -0.422 0.06  4.283 0.02   1.087 0.024 0.83  0.017  4.5672 0.6     0.02876 
164 164507    5578.5 104.7  0.151 0.061 3.739 0.015  2.639 0.061 1.412 0.025  3.0238 0.706   0.02201 
165 164595    5696.9  82.2 -0.061 0.059 4.346 0.029  1.06  0.024 0.913 0.039  4.7735 0.64    0.03536 
166 164922    5393.4  68.3  0.197 0.057 4.398 0.025  1.002 0.022 0.921 0.032  5.2853 0.8     0.04542 
167 165401    5867.0  86.5 -0.322 0.061 4.387 0.031  0.984 0.021 0.867 0.04   4.8639 0.61    0.0414  
168 166       5492.7  72.7  0.139 0.058 4.514 0.017  0.909 0.015 0.98  0.031  5.446  0.75    0.07258 
169 16623     5873.4  51.0 -0.399 0.058 4.259 0.02   1.123 0.026 0.836 0.016  4.7364 0.54    0.01438 
170 166620    5099.7  63.9 -0.112 0.055 4.54  0.017  0.78  0.012 0.775 0.023  6.1439 0.9     0.09013 
171 167042    4926.1  79.2  0.093 0.061 3.286 0.052  4.902 0.108 1.691 0.159  2.4751 0.943   0.02011 
172 167215    6113.2  96.5 -0.306 0.062 3.999 0.024  1.689 0.038 1.045 0.033  3.6224 0.48    0.0122  
173 167216    6122.1  99.0 -0.289 0.062 4.047 0.025  1.586 0.036 1.03  0.035  3.6954 0.48    0.01221 
174 167389    5897.4  81.2  0.022 0.059 4.422 0.03   1.041 0.025 1.05  0.046  4.7691 0.57    0.0288  
175 167665    6139.0  90.5 -0.141 0.059 4.186 0.029  1.376 0.032 1.063 0.047  4.0394 0.54    0.03201 
176 168009    5778.3  94.4  0.018 0.061 4.265 0.03   1.21  0.028 0.986 0.044  4.5302 0.604   0.04288 
177 168443    5530.0  97.4  0.076 0.062 3.988 0.023  1.711 0.04  1.042 0.031  4.028  0.7     0.02521 
178 168746    5618.9  59.7 -0.034 0.058 4.305 0.021  1.101 0.024 0.895 0.023  4.7765 0.69    0.02403 
179 169830    6179.3  97.6  0.12  0.062 4.009 0.025  1.936 0.046 1.407 0.043  3.11   0.475   0.02656 
180 170174    4944.6  43.8 -0.037 0.054 2.542 0.023 14.934 0.417 2.866 0.028  6.0035 1.08    0.00247 
181 170469    5765.6 100.1  0.311 0.059 4.28  0.029  1.275 0.029 1.135 0.048  4.1562 0.62    0.01659 
182 170657    5072.3  66.9 -0.126 0.057 4.579 0.023  0.754 0.014 0.79  0.029  6.2158 0.84    0.07598 
183 171067    5652.2  82.8 -0.012 0.058 4.459 0.033  0.947 0.021 0.947 0.046  5.1956 0.66    0.03823 
184 171665    5637.4  87.2 -0.018 0.06  4.425 0.034  0.975 0.023 0.925 0.047  5.0637 0.68    0.03311 
185 17190     5225.4  71.3 -0.026 0.059 4.523 0.028  0.827 0.017 0.837 0.034  5.7625 0.85    0.0396  
186 171918    5743.9  94.2  0.202 0.059 4.107 0.034  1.549 0.036 1.113 0.067  4.1865 0.65    0.01589 
187 172051    5617.3  84.7 -0.207 0.059 4.484 0.033  0.876 0.019 0.858 0.043  5.299  0.632   0.07664 
188 172310    5483.8  67.6 -0.344 0.058 4.518 0.026  0.805 0.014 0.786 0.03   5.6759 0.7     0.02772 
189 172513    5528.1  79.1  0.008 0.057 4.499 0.028  0.898 0.019 0.927 0.04   5.3314 0.72    0.03004 
190 173701    5387.0  76.0  0.353 0.057 4.472 0.029  0.961 0.02  1.0   0.042  5.3433 0.85    0.03698 
191 17382     5292.4  76.5  0.103 0.054 4.542 0.021  0.85  0.015 0.911 0.033  5.812  0.82    0.04341 
192 175541    4970.4  60.4 -0.098 0.059 3.297 0.046  4.493 0.117 1.449 0.137  2.5016 0.89    0.00769 
193 176377    5845.1  90.9 -0.229 0.06  4.428 0.034  0.96  0.022 0.907 0.048  4.9311 0.59    0.04172 
194 176982    5440.4 101.5 -0.105 0.061 3.756 0.019  2.414 0.06  1.216 0.035  3.4601 0.7     0.00978 
195 177153    5988.1  95.9 -0.049 0.061 4.234 0.03   1.288 0.03  1.042 0.046  4.1218 0.569   0.02411 
196 177830    4744.9  66.8  0.353 0.057 3.454 0.051  3.576 0.087 1.319 0.139  3.3196 1.092   0.0159  
197 178911b   5576.1  88.8  0.26  0.06  4.423 0.032  1.032 0.023 1.026 0.049  4.6321 0.73    0.02438 
198 179949    6176.2  90.2  0.155 0.056 4.317 0.023  1.267 0.028 1.22  0.038  4.0932 0.503   0.03639 
199 179957    5677.4  80.6  0.009 0.058 4.296 0.027  1.138 0.026 0.937 0.037  4.769  0.65    0.0396  
200 179958    5711.6  89.7  0.039 0.06  4.267 0.03   1.196 0.028 0.969 0.042  4.589  0.635   0.03956 
201 180161    5380.1  61.4  0.184 0.06  4.522 0.019  0.893 0.017 0.965 0.028  5.5349 0.804   0.04945 
202 180684    6063.7  85.0  0.037 0.059 4.014 0.035  1.822 0.042 1.263 0.076  3.2074 0.519   0.01785 
203 181234    5372.8  79.7  0.377 0.056 4.375 0.028  1.059 0.024 0.973 0.037  4.9577 1.0     0.02092 
204 18143     4818.6  49.7  0.168 0.06  4.598 0.012  0.76  0.011 0.833 0.019  5.7829 0.92    0.04257 
205 182488    5416.6  82.6  0.199 0.058 4.465 0.033  0.946 0.021 0.954 0.047  5.4101 0.787   0.06406 
206 182572    5600.0  85.0  0.37  0.057 4.195 0.031  1.388 0.031 1.096 0.055  4.258  0.77    0.06685 
207 1832      5724.4  84.7 -0.028 0.06  4.263 0.028  1.184 0.028 0.941 0.038  4.5817 0.64    0.02457 
208 183263    5876.0 101.2  0.278 0.063 4.281 0.03   1.293 0.031 1.171 0.046  4.2458 0.63    0.01842 
209 183650    5684.7  81.1  0.309 0.058 4.142 0.031  1.503 0.034 1.137 0.062  4.1543 0.71    0.02709 
210 183658    5732.4  92.6  0.029 0.061 4.34  0.032  1.1   0.025 0.969 0.046  4.6054 0.65    0.02996 
211 183870    4996.9  66.0  0.019 0.059 4.579 0.021  0.771 0.014 0.822 0.026  6.2915 0.92    0.05652 
212 18445     4880.8  99.0 -0.06  0.06  4.587 0.027  0.736 0.027 0.766 0.03   5.7281 0.94    6.98421 
213 185144    5236.4  75.2 -0.172 0.057 4.569 0.026  0.772 0.015 0.805 0.034  5.8954 0.77    0.17377 
214 185295    5147.8  92.9 -0.081 0.06  3.654 0.029  2.816 0.068 1.305 0.061  6.3435 0.84    0.00864 
215 185414    5804.4  91.9 -0.095 0.059 4.412 0.035  1.002 0.023 0.949 0.05   4.8066 0.636   0.04166 
216 18632     5032.0  64.8  0.23  0.061 4.563 0.019  0.82  0.012 0.888 0.028  6.1201 0.926   0.04204 
217 186408    5754.1  96.6  0.089 0.061 4.229 0.03   1.281 0.03  1.017 0.046  4.2856 0.64    0.04728 
218 186427    5712.0  93.3  0.074 0.061 4.3   0.031  1.159 0.027 0.983 0.045  4.5466 0.66    0.04728 
219 187123    5765.9  96.3  0.106 0.06  4.32  0.032  1.155 0.027 1.02  0.048  4.4576 0.61    0.02173 
220 187237    5802.7  79.1  0.065 0.06  4.443 0.027  1.012 0.022 1.036 0.044  4.8039 0.63    0.03909 
221 187897    5910.6  72.4  0.129 0.059 4.418 0.025  1.077 0.022 1.106 0.041  4.3735 0.62    0.03097 
222 187923    5708.0  99.4 -0.087 0.061 4.055 0.025  1.532 0.036 0.977 0.033  3.8905 0.68    0.03704 
223 188015    5649.5  97.0  0.253 0.061 4.352 0.032  1.125 0.026 1.043 0.048  4.6138 0.7     0.01971 
224 18803     5623.5  88.9  0.128 0.061 4.412 0.034  1.021 0.023 0.984 0.05   4.992  0.696   0.04716 
225 188510    5251.4  95.3 -1.516 0.061 4.737 0.019  0.558 0.014 0.618 0.02   5.8373 0.57    9.02857 
226 188512    5088.6  82.2 -0.097 0.059 3.569 0.035  3.184 0.084 1.366 0.087  3.0251 0.86    0.073   
227 189625    5807.8  79.2  0.198 0.062 4.423 0.025  1.073 0.02  1.1   0.045  4.6769 0.62    0.02929 
228 189733    5012.5  67.8  0.041 0.057 4.571 0.023  0.783 0.014 0.828 0.029  6.2475 0.932   0.05057 
229 190067    5417.9  69.1 -0.288 0.058 4.528 0.027  0.797 0.015 0.79  0.032  5.7279 0.71    0.05183 
230 19034     5683.3  46.2 -0.354 0.056 4.405 0.015  0.928 0.015 0.802 0.013  5.3512 0.67    0.02657 
231 190360    5537.7  83.4  0.23  0.061 4.298 0.028  1.166 0.026 0.986 0.039  4.7039 0.73    0.06244 
232 190404    5224.0  25.8 -0.476 0.046 4.571 0.008  0.716 0.004 0.703 0.012  6.3167 0.82    0.06403 
233 190406    5932.0  81.3  0.051 0.057 4.404 0.03   1.072 0.025 1.07  0.044  4.5641 0.61    0.05643 
234 191408    4789.6 102.2 -0.522 0.062 4.657 0.02   0.62  0.019 0.64  0.023  6.411  0.868  -1.0     
235 191785    5231.0  60.1 -0.044 0.051 4.487 0.016  0.849 0.015 0.814 0.019  5.7734 0.84    0.04885 
236 192020    5131.9  74.7  0.016 0.059 4.561 0.024  0.799 0.014 0.848 0.031  5.2969 0.85    0.04087 
237 192263    4998.1  97.0  0.048 0.062 4.564 0.032  0.784 0.029 0.821 0.031  6.2965 0.938  -1.0     
238 192310    5181.1  63.1  0.081 0.06  4.494 0.022  0.858 0.016 0.844 0.028  6.0019 0.878   0.11365 
239 192343    5747.3  83.6  0.222 0.06  4.139 0.032  1.498 0.035 1.119 0.062  3.9278 0.64    0.01585 
240 192344    5660.8 104.3  0.218 0.062 3.988 0.024  1.805 0.044 1.162 0.034  3.7056 0.67    0.01585 
241 19308     5801.0  95.5  0.15  0.061 4.288 0.03   1.222 0.029 1.061 0.047  4.2098 0.672   0.0257  
242 19373     5916.0  88.4  0.116 0.059 4.182 0.028  1.431 0.033 1.142 0.052  3.937  0.59    0.09487 
243 193795    5814.8  87.5  0.158 0.059 4.222 0.029  1.337 0.031 1.088 0.051  4.2337 0.64    0.01385 
244 193901    5959.7  54.3 -0.925 0.059 4.486 0.015  0.81  0.008 0.738 0.019  5.4673 0.53    0.02081 
245 19467     5715.8  72.6 -0.089 0.059 4.209 0.025  1.245 0.03  0.916 0.029  4.5094 0.65    0.03123 
246 195019    5746.6  99.8  0.05  0.063 4.073 0.027  1.556 0.037 1.049 0.039  4.0482 0.64    0.02652 
247 195564    5662.9  96.7  0.089 0.061 3.958 0.022  1.836 0.044 1.121 0.034  3.7276 0.69    0.04038 
248 196201    5537.5  73.7 -0.094 0.056 4.419 0.024  0.942 0.019 0.858 0.029  5.5915 0.69    0.02432 
249 196761    5504.6  80.8 -0.197 0.056 4.513 0.033  0.839 0.017 0.841 0.041  5.5415 0.72    0.06813 
250 196850    5758.4  82.4 -0.094 0.059 4.285 0.028  1.143 0.027 0.921 0.037  4.628  0.59    0.03668 
251 197076    5833.0  87.6 -0.065 0.059 4.429 0.033  0.999 0.023 0.979 0.05   4.8403 0.63    0.04785 
252 198425    4945.9  69.1 -0.039 0.057 4.584 0.022  0.752 0.013 0.79  0.029  6.3781 0.939   0.04288 
253 198802    5701.8 100.5  0.009 0.059 3.823 0.02   2.255 0.052 1.243 0.028  3.1198 0.625   0.02262 
254 199476    5583.1  60.1 -0.311 0.059 4.457 0.02   0.872 0.016 0.801 0.022  5.4146 0.71    0.03236 
255 199960    5876.9 103.7  0.254 0.061 4.228 0.029  1.384 0.032 1.188 0.048  4.1015 0.601   0.03685 
256 200538    5952.1  91.0  0.089 0.058 4.216 0.028  1.365 0.031 1.124 0.048  4.0344 0.54    0.01824 
257 200565    5904.3  92.0  0.049 0.06  4.261 0.034  1.255 0.041 1.055 0.048  4.3995 0.63    0.01529 
258 200968    5179.2 100.1  0.096 0.061 4.542 0.038  0.83  0.035 0.874 0.034  5.8668 0.9    -1.0     
259 201203    6420.6  99.3  0.289 0.061 4.148 0.023  1.69  0.043 1.46  0.038  3.0971 0.5     0.01159 
260 20165     5137.8  73.6  0.023 0.059 4.541 0.028  0.812 0.016 0.84  0.034  6.0941 0.86    0.04323 
261 2025      4928.1  64.3 -0.225 0.058 4.606 0.019  0.699 0.011 0.724 0.025  6.6526 0.95    0.05571 
262 202575    4751.5  67.0 -0.074 0.058 4.609 0.017  0.706 0.012 0.74  0.025  6.866  1.01    0.06187 
263 20619     5717.8  81.9 -0.172 0.06  4.488 0.032  0.899 0.019 0.91  0.045  5.1383 0.59    0.04167 
264 206387    5899.6  94.8  0.226 0.06  4.329 0.053  1.203 0.075 1.145 0.049  4.6539 0.68    0.01613 
265 20675     6513.6 105.8  0.162 0.06  4.02  0.02   2.006 0.049 1.544 0.041  2.6453 0.412   0.02271 
266 207874    5186.9  71.5  0.159 0.058 4.493 0.027  0.874 0.017 0.872 0.034  5.7237 0.87    0.03258 
267 208038    5001.1  65.3 -0.028 0.059 4.582 0.021  0.762 0.013 0.81  0.027  6.2812 0.937   0.04292 
268 208313    5027.7  66.9  0.01  0.057 4.564 0.024  0.783 0.015 0.818 0.031  6.2403 0.91    0.04902 
269 208801    4819.5  63.6  0.099 0.059 3.493 0.053  3.144 0.076 1.123 0.117  3.4379 1.0     0.02694 
270 209458    6026.4  96.9 -0.006 0.06  4.307 0.03   1.2   0.028 1.069 0.048  4.2858 0.53    0.02067 
271 209875    6105.5  93.9 -0.087 0.062 4.067 0.035  1.633 0.038 1.129 0.068  3.73   0.53    0.01805 
272 21019a    5360.1  98.4 -0.413 0.061 3.708 0.024  2.354 0.055 1.038 0.038  3.364  0.7     0.02694 
273 210277    5505.8  76.5  0.213 0.059 4.327 0.027  1.114 0.025 0.964 0.036  4.9891 0.71    0.04692 
274 210302    6385.8  80.3  0.112 0.058 4.226 0.024  1.453 0.036 1.301 0.036  3.5561 0.48    0.05449 
275 210312    5703.2  93.5  0.253 0.062 4.376 0.033  1.108 0.026 1.065 0.051  4.9031 0.66    0.01607 
276 210392    5769.0  99.9  0.322 0.06  4.191 0.03   1.451 0.036 1.2   0.053  3.9568 0.65    0.01131 
277 210460    5472.1  91.4 -0.224 0.062 3.542 0.01   3.477 0.014 1.54  0.019  2.4716 0.657   0.01769 
278 211038    4952.0  54.9 -0.203 0.059 3.537 0.037  2.777 0.067 0.971 0.069  3.6307 0.9     0.02485 
279 211080    5764.6  90.2  0.33  0.061 3.987 0.037  1.897 0.045 1.26  0.082  3.2578 0.72    0.01368 
280 211681    5708.6  79.9  0.354 0.056 4.082 0.035  1.672 0.039 1.237 0.072  3.8476 0.7     0.01382 
281 212291    5589.7  80.0 -0.119 0.058 4.516 0.027  0.869 0.018 0.904 0.038  5.3104 0.7     0.03033 
282 212801    5279.6  97.8  0.022 0.062 3.642 0.021  3.037 0.081 1.487 0.033  3.1887 0.79    0.01137 
283 21313     5885.5  93.8  0.17  0.06  4.236 0.028  1.343 0.034 1.137 0.049  3.9168 0.57    0.015   
284 213472    5729.5  99.4  0.125 0.062 4.145 0.032  1.434 0.033 1.048 0.051  4.1273 0.7     0.01549 
285 213519    5759.1  93.0 -0.01  0.06  4.313 0.031  1.129 0.026 0.96  0.044  4.5118 0.6     0.02436 
286 213628    5554.6  85.3  0.047 0.059 4.448 0.034  0.952 0.022 0.931 0.047  5.2743 0.72    0.0298  
287 214683    4874.6  67.1 -0.262 0.057 4.622 0.017  0.68  0.011 0.709 0.024  6.7022 0.938   0.04443 
288 215152    4916.0  64.5  0.041 0.057 4.564 0.022  0.77  0.014 0.796 0.029  6.4454 0.97    0.04627 
289 215578    4827.5  33.3  0.215 0.056 2.801 0.035 10.252 0.469 2.491 0.102  4.3318 0.97    0.00421 
290 216259    5122.8  38.7 -0.556 0.043 4.612 0.012  0.673 0.005 0.677 0.016  6.6862 0.84    0.04436 
291 216520    5160.0  69.5 -0.124 0.057 4.545 0.023  0.783 0.014 0.791 0.03   6.0314 0.86    0.05112 
292 217004    5693.2  97.2 -0.03  0.062 3.995 0.098  1.675 0.251 1.038 0.083  3.4143 0.679  -1.0     
293 217014    5760.8  95.5  0.206 0.06  4.317 0.031  1.187 0.028 1.069 0.047  4.5579 0.67    0.06465 
294 217107    5606.8  94.3  0.34  0.06  4.325 0.03   1.172 0.028 1.06  0.045  4.7055 0.72    0.04982 
295 217165    5967.1  96.4  0.044 0.06  4.338 0.032  1.157 0.028 1.071 0.05   4.4663 0.57    0.02274 
296 21774     5703.4  94.1  0.239 0.061 4.276 0.03   1.243 0.03  1.066 0.047  4.6695 0.69    0.01867 
297 217877    5942.4  95.6 -0.089 0.06  4.262 0.03   1.22  0.029 0.997 0.044  4.2394 0.58    0.0328  
298 218168    5923.7  73.2 -0.007 0.056 4.451 0.022  1.01  0.021 1.056 0.035  4.6777 0.58    0.02072 
299 218209    5732.8  49.1 -0.376 0.059 4.389 0.016  0.949 0.017 0.808 0.014  5.1149 0.65    0.0337  
300 21847     6364.0  91.5  0.186 0.06  4.286 0.024  1.37  0.032 1.321 0.046  3.8635 0.46    0.01922 
301 218566    4942.9  63.1  0.298 0.058 4.529 0.024  0.831 0.015 0.855 0.031  6.2187 1.02    0.03466 
302 218868    5515.7  83.0  0.231 0.06  4.45  0.031  0.985 0.021 0.999 0.047  5.1496 0.75    0.04245 
303 219134    4817.1  62.0  0.083 0.058 4.575 0.021  0.757 0.013 0.788 0.027  6.4869 1.01    0.15308 
304 219538    5094.0  70.9  0.008 0.057 4.55  0.026  0.798 0.015 0.827 0.033  6.1713 0.88    0.04014 
305 219542    5720.4  98.7  0.165 0.061 4.383 0.078  1.076 0.1   1.043 0.051  4.6951 0.64   -1.0     
306 219834b   5175.0  73.8  0.224 0.06  4.503 0.029  0.877 0.017 0.896 0.039  5.9361 0.88    0.04452 
307 219953    5243.9  33.7 -0.473 0.05  4.569 0.009  0.722 0.006 0.709 0.012  6.3616 0.81    0.02999 
308 220221    4788.2  62.8  0.161 0.058 4.577 0.022  0.765 0.013 0.807 0.027  6.5108 1.056   0.04907 
309 220339    5052.2  65.6 -0.213 0.057 4.587 0.02   0.727 0.012 0.751 0.028  6.3535 0.89    0.05213 
310 22049     5020.4  57.7 -0.044 0.058 4.59  0.018  0.759 0.012 0.815 0.024  6.192  0.88    0.31094 
311 22072     4969.6  63.4 -0.257 0.058 3.381 0.057  3.456 0.083 1.052 0.12   3.0318 0.89    0.02388 
312 221354    5271.8  63.9  0.099 0.058 4.462 0.023  0.901 0.018 0.864 0.027  5.6056 0.83    0.05925 
313 221356    6042.3  95.5 -0.218 0.062 4.343 0.033  1.095 0.026 0.969 0.048  4.3952 0.54    0.03851 
314 221851    5139.9  77.4 -0.025 0.06  4.561 0.025  0.794 0.014 0.835 0.033  6.0486 0.845   0.04133 
315 222582    5746.7  91.8  0.017 0.061 4.305 0.031  1.145 0.027 0.969 0.043  4.5865 0.6     0.02369 
316 222697    5439.8  71.9  0.206 0.059 4.503 0.022  0.923 0.017 0.984 0.036  5.4444 0.78    0.02179 
317 22282     5467.4  84.1  0.181 0.06  4.438 0.033  0.976 0.022 0.955 0.048  4.9944 0.77    0.02181 
318 223238    5777.5  94.4  0.02  0.061 4.275 0.03   1.196 0.028 0.985 0.044  4.3451 0.64    0.02232 
319 223315    5646.7  76.0  0.321 0.06  4.43  0.027  1.046 0.022 1.082 0.041  5.1534 0.75    0.01672 
320 223498    5551.4  87.5  0.184 0.06  4.375 0.032  1.059 0.025 0.974 0.046  4.9741 0.75    0.02133 
321 223691    5431.6 102.1 -0.169 0.062 3.824 0.021  2.081 0.051 1.058 0.031  3.6593 0.69    0.01398 
322 224383    5717.4  86.5 -0.042 0.059 4.185 0.027  1.299 0.031 0.946 0.036  4.489  0.63    0.01947 
323 224619    5494.8  81.0 -0.091 0.057 4.46  0.03   0.901 0.02  0.859 0.037  5.4019 0.74    0.03813 
324 224983    5173.8  72.8  0.147 0.058 4.518 0.029  0.854 0.017 0.879 0.036  5.8474 0.888   0.02952 
325 225261    5439.1  53.4 -0.323 0.061 4.5   0.015  0.815 0.012 0.772 0.018  5.7787 0.755   0.03792 
326 22879     6058.5  44.1 -0.708 0.056 4.262 0.017  1.088 0.021 0.792 0.011  4.8076 0.49    0.0382  
327 230409    5471.3  52.1 -0.741 0.057 4.583 0.014  0.704 0.007 0.697 0.018  6.0484 0.7     0.01462 
328 230999    5612.5  87.7  0.137 0.06  4.332 0.03   1.111 0.026 0.973 0.043  4.6951 0.72    0.01092 
329 23249     5067.2 101.2  0.168 0.061 3.784 0.027  2.338 0.057 1.219 0.05   3.7284 0.92    0.11061 
330 23356     4976.6  67.4 -0.036 0.057 4.572 0.023  0.761 0.014 0.791 0.029  6.4615 1.0     0.07166 
331 233641    6018.9  97.0 -0.121 0.062 3.879 0.023  2.07  0.052 1.198 0.032  4.3047 0.49    0.00584 
332 23439     5360.4  27.4 -0.733 0.036 4.6   0.009  0.681 0.004 0.676 0.013  6.2349 0.75    0.04183 
333 24040     5776.5  84.6  0.197 0.059 4.197 0.029  1.387 0.031 1.104 0.053  4.1822 0.66    0.02142 
334 24213     5985.0  81.4  0.073 0.06  4.144 0.028  1.507 0.036 1.166 0.057  3.799  0.72    0.02522 
335 24238     5202.3  29.8 -0.357 0.044 4.557 0.008  0.739 0.005 0.722 0.01   6.2082 0.83    0.04759 
336 24341     5388.2  93.9 -0.495 0.06  3.781 0.025  2.025 0.048 0.91  0.032  3.792  0.66    0.01428 
337 24365     5131.0  81.3 -0.21  0.059 3.518 0.035  3.381 0.089 1.38  0.085  2.6364 0.83    0.01003 
338 24496     5575.0  86.7  0.03  0.06  4.432 0.033  0.967 0.022 0.927 0.046  5.3124 0.81    0.04881 
339 24727     6224.5  89.2 -0.094 0.056 4.134 0.025  1.534 0.034 1.182 0.052  3.563  0.5     0.01976 
340 24892     5286.3  98.2 -0.271 0.062 3.816 0.024  1.992 0.048 0.953 0.034  3.9556 0.9     0.02461 
341 25329     4574.0 105.5 -1.614 0.061 4.816 0.021  0.46  0.019 0.508 0.021  7.1776 0.86   12.11964 
342 25665     4962.6  63.4  0.021 0.059 4.567 0.024  0.772 0.014 0.805 0.029  6.6688 1.0     0.05328 
343 25682     5486.6  83.6  0.114 0.059 4.419 0.031  0.981 0.022 0.927 0.043  5.0383 0.76    0.02384 
344 25825     5979.8  79.8  0.123 0.059 4.398 0.025  1.112 0.021 1.129 0.042  4.4731 0.59    0.02103 
345 26151     5384.7  80.7  0.308 0.059 4.462 0.031  0.962 0.021 0.979 0.046  5.1913 0.84    0.0235  
346 26161     6057.6  87.6 -0.009 0.059 4.163 0.027  1.456 0.032 1.133 0.054  3.8946 0.501   0.02441 
347 26736     5811.0  71.9  0.194 0.057 4.433 0.021  1.06  0.022 1.102 0.034  4.7313 0.657   0.02183 
348 26794     4956.8  58.5  0.067 0.059 4.536 0.017  0.794 0.013 0.797 0.023  6.1971 0.97    0.03188 
349 26965     5246.0  60.7 -0.198 0.053 4.52  0.013  0.796 0.012 0.771 0.017  5.896  0.82    0.20062 
350 28005     5743.8  97.4  0.313 0.058 4.27  0.03   1.292 0.031 1.131 0.048  4.3465 0.711   0.03303 
351 28185     5622.0  93.8  0.227 0.061 4.383 0.034  1.076 0.025 1.023 0.05   4.8139 0.75    0.02536 
352 28187     5840.7  49.2 -0.35  0.058 4.247 0.02   1.143 0.026 0.844 0.015  4.7047 0.6     0.02278 
353 283       5255.7  53.0 -0.418 0.058 4.572 0.019  0.73  0.009 0.731 0.024  6.1399 0.8     0.03056 
354 28946     5343.9  83.1 -0.101 0.056 4.534 0.029  0.822 0.016 0.846 0.036  5.7903 0.79    0.03604 
355 29461     5831.3  73.1  0.215 0.061 4.424 0.022  1.075 0.02  1.117 0.039  4.5314 0.62    0.02212 
356 29528     5492.5  84.6  0.177 0.06  4.401 0.032  1.016 0.023 0.951 0.044  5.1825 0.84    0.01724 
357 29883     5044.8  64.1 -0.094 0.053 4.556 0.021  0.766 0.013 0.777 0.027  6.2635 0.91    0.04575 
358 30649     5879.1  54.3 -0.406 0.058 4.193 0.023  1.219 0.03  0.846 0.017  4.5913 0.58    0.03088 
359 30708     5665.9  96.2  0.152 0.061 4.213 0.03   1.305 0.031 1.016 0.045  4.1922 0.67    0.03319 
360 3074a     5982.4  82.3  0.056 0.057 4.163 0.028  1.459 0.032 1.136 0.055  3.6069 0.62    0.02946 
361 31253     6014.9  81.7  0.14  0.058 4.032 0.03   1.829 0.042 1.325 0.073  3.4852 0.53    0.01717 
362 31412     6044.5  96.1  0.036 0.06  4.304 0.029  1.22  0.029 1.099 0.046  4.2387 0.55    0.02774 
363 31966     5695.8  99.5  0.101 0.063 4.041 0.026  1.632 0.039 1.075 0.037  4.0305 0.627   0.02653 
364 32923     5676.1  96.9 -0.14  0.061 3.975 0.023  1.697 0.041 0.995 0.03   4.0074 0.65    0.06295 
365 32963     5706.1  92.6  0.075 0.061 4.336 0.032  1.111 0.026 0.981 0.046  4.8551 0.63    0.02623 
366 33021     5708.3  98.0 -0.159 0.06  4.037 0.025  1.547 0.037 0.955 0.032  3.9113 0.62    0.03624 
367 33636     5949.3  90.3 -0.071 0.061 4.409 0.031  1.04  0.024 1.017 0.049  4.7957 0.61    0.03372 
368 34411     5804.2  95.7  0.074 0.062 4.232 0.03   1.285 0.03  1.03  0.048  4.1903 0.64    0.08011 
369 34445     5829.5  86.2  0.138 0.059 4.146 0.031  1.479 0.034 1.11  0.06   4.0537 0.62    0.02167 
370 34575     5611.2  93.8  0.313 0.06  4.29  0.03   1.215 0.028 1.054 0.045  4.7274 0.75    0.03241 
371 34721     5977.9  95.7 -0.046 0.062 4.178 0.029  1.381 0.032 1.049 0.048  3.9763 0.58    0.04047 
372 34745     6053.1  96.0 -0.084 0.061 4.274 0.028  1.231 0.029 1.043 0.044  4.1309 0.531   0.0268  
373 35627     6037.3  85.3  0.015 0.06  4.158 0.028  1.471 0.035 1.14  0.055  3.6776 0.52    0.01821 
374 35974     5844.5  97.5 -0.161 0.061 3.898 0.021  1.948 0.046 1.101 0.031  3.3464 0.558   0.01695 
375 36308     5395.2  74.2  0.046 0.055 4.543 0.019  0.851 0.015 0.921 0.029  5.6358 0.814   0.02794 
376 3651      5205.9  74.5  0.168 0.06  4.505 0.03   0.872 0.017 0.888 0.039  5.5719 0.92    0.08979 
377 37008     5208.4  48.8 -0.322 0.06  4.555 0.012  0.746 0.008 0.733 0.016  6.1685 0.83    0.04875 
378 37124     5698.6  48.7 -0.326 0.06  4.391 0.016  0.949 0.017 0.813 0.015  5.0714 0.67    0.03155 
379 37213     5388.7  96.9 -0.419 0.061 3.803 0.023  1.996 0.048 0.928 0.031  3.5977 0.707   0.01247 
380 37394     5255.1  65.9  0.159 0.056 4.547 0.016  0.85  0.014 0.922 0.028  5.7908 0.84    0.08143 
381 3765      5049.8  64.9  0.172 0.06  4.527 0.026  0.831 0.016 0.852 0.033  6.1734 0.94    0.05576 
382 377       5903.3  66.4  0.138 0.057 4.434 0.016  1.063 0.02  1.113 0.033  4.6502 0.63    0.02596 
383 3795      5356.5  67.8 -0.513 0.058 3.813 0.022  1.896 0.048 0.855 0.019  3.8616 0.7     0.03513 
384 37962     5719.1  84.8 -0.181 0.06  4.476 0.033  0.907 0.02  0.9   0.046  5.0188 0.65    0.02858 
385 38230     5244.1  59.3 -0.006 0.053 4.478 0.018  0.866 0.016 0.828 0.021  5.7932 0.83    0.04786 
386 38392     4719.0  63.9 -0.026 0.062 4.614 0.015  0.71  0.008 0.754 0.022  6.037  0.94    0.1124  
387 38529     5624.2 116.1  0.377 0.059 3.709 0.012  2.858 0.04  1.529 0.012  2.9671 0.77    0.02358 
388 38858     5736.4  86.3 -0.172 0.06  4.451 0.034  0.932 0.021 0.9   0.048  5.0636 0.62    0.06555 
389 39881     5708.4  72.0 -0.091 0.058 4.195 0.025  1.265 0.03  0.916 0.028  4.3646 0.65    0.03634 
390 40397     5593.6  61.4 -0.042 0.056 4.338 0.02   1.053 0.023 0.884 0.022  4.9724 0.7     0.04142 
391 40647     5348.2  87.2 -0.043 0.057 4.545 0.025  0.829 0.016 0.875 0.034  5.6499 0.79    0.03186 
392 40979     6149.7  58.7  0.203 0.063 4.343 0.023  1.237 0.028 1.235 0.032  4.1316 0.522   0.02931 
393 41593     5293.5  71.5  0.087 0.058 4.55  0.017  0.842 0.014 0.91  0.029  5.8149 0.814   0.06337 
394 4203      5625.1  77.6  0.38  0.056 4.146 0.032  1.497 0.034 1.137 0.063  4.2245 0.73    0.01226 
395 4208      5669.8  76.2 -0.22  0.06  4.42  0.028  0.935 0.02  0.847 0.034  5.2172 0.67    0.02922 
396 42250     5416.2  69.6  0.047 0.058 4.425 0.025  0.948 0.02  0.878 0.029  5.3792 0.77    0.03816 
397 4256      4921.8  63.5  0.256 0.059 4.545 0.024  0.813 0.014 0.848 0.03   6.3167 1.0     0.04458 
398 42618     5716.7  88.3 -0.086 0.06  4.409 0.033  0.989 0.023 0.92  0.046  5.0504 0.63    0.04106 
399 4307      5767.2  96.9 -0.199 0.061 3.938 0.022  1.795 0.041 1.023 0.03   3.634  0.61    0.03081 
400 43745     6064.7  88.7  0.11  0.059 3.935 0.036  2.087 0.048 1.394 0.086  3.0349 0.59    0.02471 
401 43947     5960.8  91.9 -0.255 0.06  4.295 0.03   1.127 0.026 0.921 0.041  4.4327 0.513   0.03658 
402 44420     5744.8  91.4  0.29  0.06  4.315 0.03   1.206 0.027 1.101 0.045  4.5607 0.64    0.02323 
403 44985     5940.9  95.0 -0.067 0.061 4.328 0.033  1.135 0.027 1.003 0.047  4.4315 0.52    0.02991 
404 45067     5990.3 104.1 -0.049 0.063 3.951 0.026  1.889 0.046 1.168 0.039  3.3015 0.53    0.03014 
405 45184     5820.1  94.8  0.042 0.059 4.38  0.033  1.075 0.025 1.015 0.051  4.6543 0.64    0.04552 
406 45350     5607.8  92.9  0.292 0.06  4.258 0.03   1.258 0.03  1.047 0.047  4.4313 0.74    0.02131 
407 45588     6089.9  91.3 -0.006 0.058 4.163 0.027  1.47  0.036 1.156 0.052  3.6939 0.54    0.03414 
408 4614      5913.2  90.8 -0.241 0.06  4.32  0.031  1.088 0.025 0.909 0.042  4.5764 0.58    0.16798 
409 4628      4997.9  64.2 -0.235 0.056 4.602 0.02   0.71  0.012 0.738 0.026  6.3862 0.88    0.1345  
410 46375     5264.4  74.1  0.271 0.06  4.485 0.031  0.914 0.019 0.933 0.042  5.2205 0.86    0.03381 
411 47157     5674.2  90.1  0.351 0.057 4.329 0.027  1.187 0.026 1.092 0.044  4.7157 0.71    0.02477 
412 4747      5331.9  74.7 -0.166 0.058 4.557 0.026  0.794 0.015 0.832 0.033  5.7951 0.77    0.05318 
413 48682     6036.5  87.3  0.083 0.059 4.385 0.024  1.13  0.024 1.124 0.046  4.1358 0.55    0.06007 
414 48938     5944.4  79.1 -0.404 0.058 4.214 0.025  1.199 0.028 0.864 0.028  4.3059 0.56    0.03718 
415 4915      5667.5  81.6 -0.151 0.057 4.486 0.033  0.895 0.019 0.898 0.046  5.0391 0.64    0.04448 
416 49674     5628.4  82.7  0.3   0.06  4.426 0.03   1.044 0.022 1.064 0.046  5.0503 0.71    0.02321 
417 50499     5978.1 103.7  0.305 0.061 4.222 0.024  1.433 0.034 1.253 0.035  3.8486 0.575   0.02158 
418 50554     5968.4  95.9 -0.021 0.062 4.333 0.032  1.146 0.026 1.037 0.049  4.4013 0.532   0.03206 
419 50639     6069.2  97.9 -0.014 0.06  4.257 0.029  1.282 0.031 1.091 0.046  4.0549 0.51    0.02568 
420 50692     5827.8  84.5 -0.179 0.061 4.295 0.028  1.119 0.026 0.905 0.037  4.573  0.561   0.05724 
421 50806     5591.9  97.3  0.063 0.061 4.013 0.024  1.658 0.04  1.037 0.033  3.9825 0.71    0.03872 
422 51219     5628.6  81.5  0.027 0.06  4.351 0.029  1.062 0.024 0.928 0.039  4.8873 0.69    0.03172 
423 51419     5775.3  63.9 -0.308 0.059 4.36  0.023  0.997 0.02  0.837 0.025  5.0171 0.6     0.04014 
424 51866     4905.1  63.6  0.088 0.058 4.563 0.023  0.776 0.014 0.806 0.029  6.4492 0.99    0.04919 
425 52265     6057.4  97.2  0.191 0.061 4.239 0.025  1.38  0.033 1.216 0.04   3.992  0.56    0.03333 
426 52456     5170.4  73.9  0.056 0.057 4.542 0.028  0.822 0.016 0.86  0.034  5.9019 0.85    0.03548 
427 52711     5814.8  90.8 -0.119 0.061 4.333 0.031  1.085 0.025 0.929 0.044  4.5254 0.6     0.05277 
428 531a      5687.2  79.2  0.162 0.058 4.456 0.024  1.0   0.021 1.044 0.041  4.963  0.9     0.01421 
429 531b      5670.9  71.7  0.166 0.058 4.466 0.023  0.988 0.02  1.043 0.034  4.163  0.9     0.0141  
430 53665     6260.7 100.4  0.182 0.062 4.055 0.022  1.854 0.043 1.429 0.036  3.2342 0.47    0.01513 
431 5372      5876.3  91.9  0.238 0.058 4.359 0.027  1.166 0.026 1.135 0.048  4.4561 0.64    0.0242  
432 5470      5914.4  97.3  0.216 0.061 4.291 0.028  1.268 0.031 1.149 0.047  4.194  0.61    0.01485 
433 55575     5866.6  71.1 -0.309 0.059 4.241 0.024  1.167 0.027 0.868 0.027  4.4196 0.544   0.05929 
434 56274     5779.5  77.3 -0.476 0.06  4.451 0.027  0.88  0.017 0.807 0.031  5.1857 0.57    0.03017 
435 56303     5904.3  91.6  0.145 0.059 4.279 0.028  1.264 0.03  1.109 0.046  4.2798 0.58    0.02393 
436 58781     5602.6  89.2  0.134 0.06  4.36  0.032  1.074 0.025 0.969 0.046  4.9011 0.69    0.03417 
437 60491     5061.9  67.6 -0.152 0.053 4.596 0.02   0.74  0.013 0.788 0.026  6.1876 0.86    0.04253 
438 6101      5025.9  62.2 -0.018 0.052 4.529 0.017  0.797 0.017 0.786 0.019  6.6524 1.008   0.0473  
439 61606     4925.5  67.7  0.033 0.059 4.584 0.02   0.763 0.013 0.81  0.027  6.4391 0.95    0.07092 
440 62613     5501.2  80.0 -0.063 0.059 4.507 0.031  0.872 0.019 0.893 0.04   5.4021 0.73    0.05831 
441 63754     6038.2  78.4  0.175 0.059 3.934 0.031  2.135 0.048 1.445 0.083  2.9825 0.545   0.01988 
442 65430     5247.8  61.8 -0.039 0.054 4.488 0.019  0.852 0.016 0.82  0.022  5.8779 0.83    0.04254 
443 6558      6014.3  90.9  0.24  0.06  4.156 0.019  1.569 0.031 1.29  0.033  3.8713 0.55    0.01218 
444 65583     5485.7  43.0 -0.541 0.048 4.524 0.01   0.773 0.008 0.733 0.013  5.8133 0.77    0.05848 
445 66171     5789.2  73.6 -0.239 0.059 4.344 0.026  1.033 0.023 0.865 0.032  4.8266 0.62    0.02114 
446 66428     5647.6  94.3  0.271 0.061 4.323 0.031  1.169 0.027 1.051 0.045  4.5468 0.715   0.01874 
447 6734      5013.9  55.2 -0.384 0.06  3.398 0.046  3.251 0.076 0.968 0.091  3.1252 0.85    0.02137 
448 67458     5837.6  93.2 -0.165 0.06  4.381 0.034  1.023 0.024 0.923 0.048  4.7698 0.6     0.03886 
449 67767     5233.9 102.1 -0.006 0.059 3.586 0.025  3.316 0.098 1.554 0.036  2.6147 0.81    0.02482 
450 68017     5712.4  48.6 -0.324 0.06  4.381 0.016  0.961 0.018 0.815 0.014  5.1261 0.69    0.04633 
451 68168     5694.8  94.3  0.117 0.061 4.345 0.033  1.109 0.026 0.997 0.048  4.5754 0.79    0.02925 
452 6872a     6434.8 100.5 -0.061 0.063 4.132 0.023  1.608 0.039 1.284 0.035  3.6645 0.41    0.01108 
453 6872b     6356.0  98.6 -0.136 0.057 4.19  0.021  1.436 0.03  1.174 0.036  3.8709 0.87    0.01104 
454 68978     5936.5  87.5  0.052 0.06  4.386 0.032  1.096 0.025 1.069 0.051  4.5898 0.61    0.03677 
455 68988     5883.4 103.8  0.305 0.057 4.309 0.03   1.256 0.029 1.172 0.049  4.3622 0.62    0.01641 
456 69809     5751.6  89.4  0.252 0.059 4.242 0.029  1.32  0.03  1.108 0.049  4.34   0.64    0.01875 
457 69830     5420.6  81.3  0.012 0.06  4.49  0.033  0.887 0.019 0.89  0.041  5.4672 0.78    0.07959 
458 71334     5682.5  80.5 -0.053 0.058 4.35  0.029  1.053 0.024 0.911 0.038  4.873  0.67    0.02546 
459 71479     5881.0  98.2  0.204 0.061 4.257 0.029  1.316 0.031 1.143 0.05   4.0811 0.59    0.02445 
460 71881     5828.3  95.1 -0.021 0.061 4.241 0.03   1.245 0.029 0.99  0.044  4.3794 0.63    0.02386 
461 72659     5865.2 103.9 -0.01  0.061 4.094 0.03   1.522 0.036 1.053 0.044  3.9268 0.57    0.01924 
462 72673     5301.0  61.0 -0.305 0.057 4.554 0.024  0.763 0.013 0.766 0.03   5.953  0.79    0.08209 
463 73344     6120.5  85.1  0.131 0.06  4.337 0.024  1.22  0.027 1.184 0.046  4.1657 0.5809  0.02833 
464 73667     5208.1  26.9 -0.409 0.042 4.564 0.008  0.729 0.005 0.713 0.011  6.3012 0.83    0.05416 
465 74156     5951.7  85.6  0.079 0.06  4.139 0.029  1.511 0.034 1.151 0.059  3.5703 0.54    0.01733 
466 75732     5317.9  80.5  0.383 0.055 4.458 0.032  0.964 0.021 0.975 0.045  5.46   0.87    0.07943 
467 76909     5647.4  86.2  0.341 0.058 4.262 0.029  1.281 0.03  1.089 0.049  4.449  0.74    0.02096 
468 7924      5171.1  74.2 -0.123 0.058 4.555 0.026  0.78  0.015 0.802 0.033  6.0561 0.82    0.05882 
469 80367     5184.7  57.9  0.076 0.06  4.484 0.019  0.866 0.016 0.839 0.023  5.8212 0.86    0.03499 
470 8038      5639.6  75.6  0.18  0.06  4.448 0.029  1.004 0.022 1.03  0.04   4.79   0.66    0.02042 
471 80606     5565.9  92.2  0.348 0.058 4.402 0.032  1.066 0.024 1.047 0.048  5.0988 0.72    0.0153  
472 82943     5918.3  95.2  0.23  0.061 4.337 0.03   1.199 0.027 1.148 0.05   4.3447 0.64    0.03622 
473 8328      5752.9  79.0  0.324 0.06  4.074 0.034  1.699 0.04  1.26  0.074  3.8073 0.65    0.01214 
474 83443     5429.2  87.2  0.375 0.057 4.427 0.032  1.015 0.022 1.007 0.045  5.0458 0.79    0.02442 
475 8375      5111.0 113.7 -0.003 0.062 3.503 0.03   3.743 0.081 1.613 0.099  2.4397 0.829   0.01845 
476 8389      5244.5  75.6  0.406 0.046 4.44  0.029  0.97  0.02  0.945 0.039  5.4385 0.9     0.03321 
477 84117     6158.8  93.6 -0.035 0.06  4.324 0.028  1.195 0.028 1.106 0.046  4.0665 0.534   0.06747 
478 84737     5891.6  90.9  0.136 0.058 4.083 0.033  1.645 0.039 1.185 0.07   3.7724 0.61    0.0529  
479 8574      6004.1  87.3 -0.01  0.06  4.169 0.029  1.423 0.033 1.091 0.053  3.8953 0.577   0.02228 
480 8648      5782.7  90.5  0.188 0.06  4.245 0.03   1.299 0.03  1.084 0.049  4.4199 0.63    0.02504 
481 86728     5739.0  94.5  0.226 0.062 4.311 0.03   1.196 0.028 1.071 0.046  4.5349 0.62    0.067   
482 87359     5668.2  85.4  0.07  0.06  4.436 0.033  0.991 0.023 0.982 0.05   4.9674 0.7     0.03195 
483 87424     5010.7  64.5 -0.086 0.057 4.591 0.02   0.748 0.013 0.795 0.028  6.3244 0.91    0.04294 
484 8765      5658.0  94.8  0.223 0.061 4.341 0.035  1.133 0.034 1.033 0.047  3.7709 0.69    0.02047 
485 87836     5713.7  77.2  0.329 0.059 4.178 0.028  1.459 0.034 1.175 0.055  4.3105 0.8     0.02119 
486 87883     4989.4  67.1  0.104 0.057 4.549 0.024  0.799 0.014 0.826 0.032  6.2864 0.96    0.05464 
487 88072     5731.1  94.4  0.03  0.061 4.375 0.034  1.058 0.025 0.973 0.049  4.6736 0.64    0.02782 
488 88218     5766.5  96.2 -0.143 0.061 3.959 0.022  1.762 0.041 1.035 0.031  3.6928 0.6     0.0315  
489 88371     5749.8  55.2 -0.203 0.056 4.267 0.021  1.133 0.026 0.868 0.019  4.452  0.63    0.01787 
490 88725     5825.7  49.9 -0.528 0.057 4.388 0.015  0.939 0.016 0.789 0.013  4.95   0.62    0.0288  
491 88986     5837.3 106.6  0.078 0.063 4.063 0.036  1.614 0.038 1.104 0.068  3.9443 0.597   0.03003 
492 89269     5635.7  80.7 -0.138 0.059 4.424 0.031  0.945 0.021 0.871 0.039  5.0765 0.66    0.04938 
493 89391     4865.8  66.1 -0.131 0.06  3.196 0.064  4.445 0.101 1.138 0.151  2.5428 0.93    0.00875 
494 90125     4842.1  59.1 -0.144 0.059 2.927 0.056  6.923 0.185 1.477 0.169  1.323  0.979   0.01103 
495 90156     5629.6  80.5 -0.18  0.06  4.44  0.03   0.92  0.02  0.856 0.038  5.2256 0.625   0.04553 
496 9070      5726.7  78.6  0.35  0.058 4.411 0.024  1.091 0.02  1.122 0.043  4.7961 0.71    0.02306 
497 90711     5449.3  86.9  0.311 0.059 4.437 0.033  0.999 0.022 0.996 0.047  5.3652 0.81    0.02932 
498 90722     5677.0  79.6  0.335 0.058 4.215 0.029  1.371 0.031 1.124 0.052  4.3634 0.7     0.01915 
499 91204     5843.0  91.1  0.211 0.059 4.21  0.028  1.396 0.033 1.155 0.05   4.25   0.62    0.01775 
500 92222a    5549.4  65.0  0.187 0.058 4.502 0.016  0.942 0.017 1.02  0.031  4.4    0.7     0.01448 
501 92719     5774.6  90.7 -0.103 0.058 4.425 0.034  0.98  0.023 0.937 0.048  4.9437 0.622   0.04183 
502 92788     5702.3  92.4  0.277 0.061 4.338 0.03   1.162 0.027 1.076 0.044  4.7626 0.694   0.02883 
503 9331      5618.9  93.8  0.237 0.061 4.328 0.031  1.146 0.027 1.023 0.045  4.8591 0.71    0.01801 
504 93745     5952.2  78.7  0.113 0.056 4.088 0.03   1.646 0.038 1.217 0.066  3.7776 0.6     0.01694 
505 9407      5622.3  82.6  0.029 0.06  4.366 0.03   1.045 0.024 0.929 0.04   4.9203 0.68    0.04749 
506 95128     5829.2  94.8  0.026 0.061 4.328 0.032  1.137 0.027 1.005 0.047  4.3575 0.56    0.07245 
507 9518a     6258.2  99.2  0.105 0.062 3.996 0.023  1.989 0.046 1.44  0.041  3.56   0.48    0.00765 
508 9540a     5442.1  67.9 -0.002 0.054 4.531 0.026  0.858 0.018 0.913 0.032  5.5093 0.76    0.0519  
509 9562      5891.0  84.0  0.222 0.06  3.994 0.036  1.912 0.043 1.331 0.082  3.4028 0.603   0.03363 
510 96700     5804.3  78.5 -0.181 0.06  4.247 0.026  1.18  0.028 0.9   0.033  4.4475 0.6     0.03932 
511 97343     5455.3  72.8  0.02  0.059 4.421 0.026  0.953 0.02  0.879 0.031  5.3641 0.79    0.04526 
512 97658     5194.0  67.4 -0.228 0.057 4.567 0.024  0.754 0.013 0.772 0.03   6.1382 0.8     0.04635 
513 9826      6156.8 112.2  0.122 0.063 4.125 0.025  1.622 0.039 1.294 0.041  3.4535 0.54    0.07412 
514 98281     5452.7  77.6 -0.161 0.058 4.489 0.029  0.856 0.018 0.83  0.035  5.5991 0.73    0.04513 
515 98618     5780.3  94.5  0.037 0.06  4.296 0.031  1.172 0.028 0.993 0.044  4.7188 0.606   0.02424 
516 99109     5323.9  82.5  0.384 0.055 4.436 0.031  0.986 0.021 0.969 0.044  5.1927 0.874   0.01822 
517 99491     5465.4  78.6  0.331 0.06  4.462 0.028  0.982 0.019 1.02  0.044  5.2537 0.8     0.05492 
518 99492     4936.5  63.4  0.278 0.06  4.539 0.025  0.823 0.015 0.856 0.031  6.295  1.01    0.05491 
519 9986      5795.8  91.3  0.089 0.06  4.397 0.032  1.064 0.025 1.032 0.05   4.7235 0.612   0.03927 
520 bd-103166 5382.6  78.5  0.37  0.057 4.465 0.03   0.97  0.021 1.0   0.044  5.0    0.9     0.01182 
521 g161-29   4909.2  59.2  0.047 0.055 4.547 0.018  0.778 0.012 0.784 0.023  6.3    1.4     0.01074 
522 g60-06    5082.1  67.7  0.107 0.058 4.535 0.027  0.821 0.016 0.847 0.034  6.09   0.92    0.00987 
523 hip103269 5286.9  96.4 -1.64  0.061 4.743 0.018  0.555 0.013 0.621 0.019  6.0375 0.62    9.04277 
524 hip10449  5918.9  35.9 -0.76  0.053 4.428 0.01   0.875 0.01  0.751 0.009  5.1336 0.57    0.01625 
525 hip106924    0.0   0.0 -1.67  0.06  4.484 0.01   0.9   0.05  0.9   0.05   6.2492 0.63    0.01498 
526 hip114914 5892.1  95.8  0.144 0.06  4.321 0.087  1.185 0.134 1.106 0.056  3.9023 0.66   -1.0     
527 hip15904  5452.2 101.0 -1.55  0.062 4.723 0.021  0.58  0.015 0.645 0.023  6.2705 0.52    8.47414 
528 hip16404  5490.6  40.2 -1.863 0.061 4.75  0.1    0.578 0.005 0.619 0.017  6.1051 0.65    0.02016 
529 hip52942a 6283.4  90.4 -0.161 0.059 4.027 0.034  1.764 0.041 1.223 0.072  3.897  0.46    0.00607 
530 hip57450  5332.2  99.0 -1.392 0.06  4.718 0.021  0.578 0.014 0.636 0.021  5.5693 0.55    8.59595 
531 hip80295  4838.0  63.6  0.033 0.058 4.58  0.021  0.749 0.013 0.782 0.027  6.9767 1.009   0.01769 
532 hip87062  5849.7  99.3 -1.513 0.061 4.678 0.028  0.642 0.02  0.713 0.027  5.6626 0.59    7.33284 
533 hip89215  5334.2  14.7 -0.863 0.249 4.625 0.008  0.651 0.005 0.652 0.009  6.5822 0.73    0.0156  
534 s101438b  5540.5  78.5  0.085 0.06  4.298 0.109  1.119 0.159 0.933 0.038  4.7494 0.73   -1.0     
535 s11844    6238.0  98.6  0.049 0.062 4.257 0.087  1.331 0.157 1.207 0.064  4.08   0.58   -1.0     
536 103932    4441.5  51.7  0.117 0.074 4.618 0.016  0.69  0.012 0.722 0.022  6.9297 1.16    0.09819 
537 10436     4368.4  51.7 -0.189 0.072 4.655 0.011  0.618 0.009 0.632 0.015  7.7693 1.22    0.07399 
538 10853     4639.1  70.4 -0.045 0.077 4.614 0.017  0.693 0.013 0.721 0.024  7.0959 1.044   0.04157 
539 110315    4555.8  38.8  0.068 0.053 4.592 0.009  0.709 0.005 0.718 0.014  7.1736 1.14    0.07089 
540 111631    4077.8  34.9  0.324 0.075 4.642 0.012  0.649 0.008 0.677 0.013  8.3166 1.42    0.09388 
541 119850    3836.6  19.4 -0.223 0.055 4.8   0.007  0.456 0.005 0.48  0.008  9.7856 1.45    0.18398 
542 120467    4380.9  45.0  0.242 0.072 4.604 0.015  0.704 0.009 0.732 0.019  7.4006 1.28    0.07112 
543 120476a   4599.1 111.6  0.039 0.089 4.604 0.03   0.706 0.037 0.737 0.044  6.364  1.12   -1.0     
544 122064    4826.7  67.4  0.147 0.081 4.556 0.019  0.776 0.012 0.798 0.027  6.3475 1.13    0.09923 
545 122120    4479.4  51.9  0.185 0.069 4.596 0.014  0.714 0.009 0.738 0.018  7.1547 1.16    0.04202 
546 122303    3807.5  32.4 -0.009 0.078 4.769 0.009  0.49  0.008 0.518 0.01   9.6819 1.49    9.72174 
547 124642    4660.5  70.9  0.104 0.081 4.594 0.018  0.729 0.013 0.764 0.025  6.8689 1.06    0.05811 
548 1326      3742.7  30.2 -0.391 0.087 4.888 0.009  0.375 0.007 0.4   0.008 10.3079 1.56    0.28069 
549 1326b     3342.0  47.7 -0.302 0.077 5.132 0.011  0.179 0.005 0.157 0.005 13.2779 1.8     0.28079 
550 139477    4629.6  67.6  0.03  0.078 4.608 0.017  0.708 0.012 0.74  0.025  6.9879 1.063   0.05115 
551 147379a   4126.1  37.6  0.114 0.071 4.65  0.01   0.628 0.007 0.648 0.014  8.4608 1.41    0.09287 
552 147379b   3444.8  71.8  0.044 0.089 4.9   0.044  0.351 0.042 0.36  0.052 10.5357 1.51   -1.0     
553 148467    4361.2  47.2  0.012 0.067 4.629 0.012  0.658 0.008 0.675 0.016  7.5776 1.27    0.05705 
554 151288    4202.8  44.9  0.056 0.075 4.647 0.011  0.634 0.009 0.653 0.015  8.1604 1.37    0.10151 
555 151995    4784.7  67.1  0.068 0.077 4.575 0.019  0.749 0.013 0.774 0.027  6.702  1.07    0.03649 
556 154363    4489.7  49.4 -0.234 0.067 4.645 0.01   0.629 0.006 0.639 0.014  7.5719 1.16    0.09555 
557 156026    4461.1  51.6 -0.13  0.066 4.638 0.013  0.644 0.009 0.662 0.017  7.4609 1.16    0.16807 
558 157881    4178.6  44.8  0.166 0.074 4.64  0.013  0.649 0.009 0.674 0.016  8.102  1.36    0.12962 
559 16160     4813.5  72.9 -0.036 0.073 4.584 0.018  0.731 0.012 0.752 0.026  6.5307 0.99    0.13821 
560 165222    3780.9  32.8 -0.172 0.081 4.815 0.01   0.443 0.008 0.469 0.009  9.9108 1.52    0.12939 
561 170493    4738.7  62.5  0.206 0.079 4.562 0.018  0.769 0.011 0.793 0.024  6.6836 1.1     0.05324 
562 17230     4358.3  49.9  0.166 0.071 4.613 0.013  0.686 0.009 0.711 0.019  7.5608 1.28    0.06191 
563 173739    3586.4  38.7 -0.22  0.079 4.938 0.011  0.324 0.007 0.335 0.01  11.148  1.54    0.28395 
564 173740    3416.9  44.9 -0.118 0.064 4.996 0.013  0.266 0.007 0.257 0.008 11.9603 1.59    0.28386 
565 173818    4276.6  47.5 -0.147 0.075 4.663 0.012  0.608 0.009 0.623 0.014  8.0602 1.29    0.07014 
566 174080    4673.7  71.2  0.112 0.081 4.587 0.018  0.735 0.013 0.764 0.025  6.7993 1.06    0.05926 
567 17660     4493.7  43.2  0.268 0.069 4.584 0.013  0.732 0.008 0.756 0.018  7.0972 1.25    0.04276 
568 180617    3667.1  33.7  0.167 0.079 4.795 0.009  0.466 0.008 0.496 0.01  10.2856 1.5     0.16916 
569 190007    4559.4  51.7  0.209 0.074 4.586 0.016  0.732 0.01  0.76  0.022  6.8915 1.12    0.07862 
570 193202    4257.8  39.8  0.235 0.071 4.617 0.012  0.681 0.007 0.703 0.015  7.7537 1.32    0.05944 
571 195019b   3991.4  70.6 -0.025 0.091 4.706 0.027  0.558 0.031 0.58  0.031  7.3382 1.15   -1.0     
572 199305    3902.2  32.1 -0.041 0.073 4.738 0.009  0.522 0.007 0.546 0.01   9.3007 1.49    0.14203 
573 201091    4311.5  49.5 -0.323 0.072 4.688 0.012  0.579 0.009 0.596 0.014  7.5008 1.18    0.28595 
574 201092       0.0   0.0 -0.395 0.054 4.65  0.015  0.623 0.007 0.623 0.018  8.3078 1.37    0.28615 
575 202751    4805.8  69.7 -0.024 0.07  4.582 0.018  0.733 0.012 0.754 0.026  6.8113 0.99    0.04959 
576 204587    4270.7  45.5  0.071 0.072 4.634 0.012  0.652 0.008 0.671 0.016  7.8168 1.28    0.05643 
577 209290    3927.8  37.8  0.092 0.08  4.707 0.01   0.561 0.009 0.586 0.012  9.0934 1.46    0.09474 
578 21197     4552.6  41.0  0.32  0.071 4.568 0.011  0.754 0.006 0.771 0.014  6.9626 1.16    0.06514 
579 213042    4730.6  64.0  0.199 0.079 4.567 0.02   0.764 0.012 0.792 0.026  6.7159 1.1     0.06372 
580 214749    4494.3  52.7  0.088 0.074 4.609 0.015  0.696 0.012 0.721 0.022  7.1718 1.13    0.07526 
581 216899    3803.4  28.7  0.245 0.079 4.724 0.01   0.544 0.008 0.577 0.01   9.4709 1.51    0.14561 
582 217357    4112.7  41.6  0.025 0.073 4.667 0.01   0.606 0.008 0.625 0.014  8.336  1.39    0.12149 
583 217987    3783.9  32.6 -0.19  0.081 4.818 0.01   0.44  0.008 0.467 0.009  9.7537 1.48   11.04743 
584 225213    3727.0  30.2 -0.4   0.083 4.901 0.009  0.364 0.007 0.387 0.008 10.3723 1.46    0.23013 
585 232979    4076.7  40.3 -0.086 0.075 4.694 0.01   0.571 0.009 0.59  0.012  8.5888 1.43    0.10078 
586 239960    3493.3  52.1 -0.066 0.078 4.932 0.013  0.326 0.009 0.333 0.011 11.5755 1.65    0.24994 
587 24451     4517.4  54.8  0.088 0.073 4.607 0.015  0.699 0.011 0.726 0.022  7.2318 1.14    0.06162 
588 245409    4053.3  40.6  0.066 0.077 4.676 0.011  0.597 0.01  0.619 0.014  8.6099 1.44    0.08744 
589 24916     4511.2  55.4  0.088 0.074 4.609 0.015  0.698 0.012 0.726 0.022  7.0108 1.12    0.06536 
590 265866    3515.0  48.6 -0.004 0.075 4.898 0.011  0.359 0.008 0.372 0.009 11.1822 1.58    0.17916 
591 281540    4768.4  72.1 -0.525 0.076 4.661 0.015  0.616 0.009 0.636 0.017  7.2008 0.98    0.0275  
592 28343     4160.8  39.9  0.375 0.068 4.627 0.013  0.674 0.009 0.704 0.015  8.0518 1.38    0.08896 
593 285968    3703.5  32.1  0.147 0.081 4.784 0.009  0.478 0.008 0.509 0.01  10.0998 1.51    0.10556 
594 31560     4696.9  72.0  0.13  0.081 4.586 0.018  0.741 0.013 0.774 0.027  6.8481 1.08    0.05484 
595 32147     4805.5  65.1  0.186 0.078 4.552 0.018  0.78  0.011 0.799 0.025  6.4942 1.06    0.11302 
596 33793     3671.1  30.1 -0.532 0.081 5.007 0.013  0.268 0.006 0.269 0.009 10.9249 1.54    0.25423 
597 36003     4518.1  50.4  0.155 0.068 4.591 0.013  0.717 0.008 0.736 0.018  7.0733 1.12    0.0773  
598 36395     3849.4  26.2  0.397 0.062 4.69  0.011  0.587 0.009 0.619 0.011  9.1441 1.52    0.17543 
599 38a       4076.0  38.6  0.034 0.075 4.675 0.01   0.596 0.009 0.617 0.012  7.8696 1.41    0.08687 
600 38b       4052.8  39.3  0.054 0.078 4.677 0.01   0.595 0.009 0.616 0.012  8.7296 1.41    0.08694 
601 39715     4750.6  74.3 -0.041 0.075 4.596 0.017  0.716 0.013 0.742 0.025  6.7142 1.02    0.03879 
602 42581     3829.3  33.0  0.15  0.078 4.73  0.009  0.536 0.008 0.565 0.011  9.3326 1.51    0.1737  
603 4614b     4169.8  40.9 -0.213 0.075 4.693 0.01   0.569 0.008 0.584 0.012  8.6364 1.39    0.16875 
604 47752     4690.5  72.6 -0.049 0.076 4.606 0.017  0.702 0.013 0.73  0.024  6.902  1.04    0.05789 
605 50281     4622.8  67.0  0.017 0.079 4.611 0.017  0.703 0.012 0.737 0.024  6.8724 1.07    0.1143  
606 52919     4608.7  65.1  0.073 0.078 4.602 0.017  0.713 0.013 0.744 0.024  6.9806 1.09    0.05232 
607 65277     4770.7  72.3 -0.059 0.073 4.593 0.017  0.716 0.012 0.737 0.024  6.9093 1.02    0.05665 
608 75732b    3232.2  69.2  0.128 0.079 4.932 0.057  0.309 0.051 0.3   0.06  12.5768 1.65   -1.0     
609 79210     4089.3  37.9 -0.029 0.069 4.68  0.01   0.588 0.008 0.606 0.012  8.6821 1.43    0.15788 
610 79211     4050.1  39.9 -0.1   0.078 4.703 0.01   0.56  0.009 0.579 0.012  8.7535 1.42    0.15789 
611 84035     4577.3  43.7  0.269 0.07  4.572 0.013  0.75  0.008 0.77  0.017  6.8698 1.14    0.05545 
612 88230     4199.3  44.0 -0.04  0.071 4.66  0.011  0.613 0.009 0.631 0.014  8.1712 1.37    0.20539 
613 90875     4575.3  41.1  0.309 0.074 4.566 0.011  0.757 0.007 0.774 0.016  6.8578 1.7     0.04241 
614 95650     3921.6  34.5 -0.007 0.078 4.725 0.009  0.538 0.008 0.562 0.011  9.2364 1.437   0.08378 
615 95735     3719.9  28.3 -0.361 0.082 4.895 0.009  0.369 0.007 0.392 0.008 10.4586 1.51    0.39264 
616 97101     4205.9  39.6  0.243 0.072 4.625 0.012  0.67  0.008 0.695 0.015  7.9275 1.36    0.08408 
617 97101b    3826.2  31.5  0.167 0.075 4.729 0.01   0.537 0.008 0.567 0.01   9.5675 1.57    0.0842  
618 g205-028  3516.9  47.5  0.004 0.076 4.895 0.011  0.362 0.008 0.376 0.009 11.6123 2.01    0.07365 
619 g207-019  3522.9  49.7 -0.042 0.081 4.909 0.012  0.349 0.009 0.361 0.009 11.3329 1.8     0.08021 
620 gl109     3541.1  48.0 -0.049 0.082 4.902 0.011  0.356 0.008 0.37  0.009 11.1898 1.55    0.13019 
621 gl2066    3686.5  33.1 -0.048 0.082 4.832 0.009  0.427 0.008 0.453 0.009 10.2417 1.5     0.11184 
622 gl226     3622.1  37.2 -0.01  0.083 4.855 0.009  0.405 0.008 0.428 0.01  10.6253 1.51    0.10569 
623 gl239     3868.4  31.2 -0.4   0.083 4.822 0.01   0.435 0.008 0.46  0.009  9.6743 1.46   -0.45004 
624 gl250b    3626.7  36.5  0.098 0.083 4.825 0.009  0.434 0.008 0.46  0.01  10.3535 1.42    0.11441 
625 gl26      3645.1  35.3 -0.012 0.082 4.844 0.009  0.416 0.007 0.441 0.009 10.5481 1.54    0.07896 
626 gl273     3418.2  56.1 -0.016 0.07  4.946 0.015  0.308 0.009 0.307 0.011 11.9919 1.53    0.26298 
627 gl317     3492.7  44.6  0.301 0.076 4.822 0.012  0.432 0.008 0.453 0.009 13.2266 1.6     0.06577 
628 gl357     3580.9  37.5 -0.17  0.079 4.922 0.01   0.34  0.008 0.354 0.009 11.1446 1.572   0.10588 
629 gl382     3738.5  31.3  0.19  0.082 4.761 0.009  0.504 0.008 0.535 0.011  9.7959 1.51    9.64101 
630 gl388     3627.4  30.5  0.016 0.071 4.846 0.009  0.414 0.006 0.438 0.008 11.0719 1.54    0.20137 
631 gl393     3680.4  33.0 -0.083 0.083 4.845 0.01   0.415 0.008 0.44  0.009 10.334  1.52    0.14219 
632 gl397     4253.1  39.3  0.225 0.065 4.617 0.011  0.679 0.006 0.699 0.013  7.8844 1.33    0.06245 
633 gl406     3027.2  34.6 -0.224 0.062 5.251 0.013  0.127 0.003 0.104 0.003 16.6819 2.0     0.41313 
634 gl4063    3301.0  74.6  0.224 0.099 4.871 0.036  0.37  0.035 0.375 0.042 12.1194 1.42   -1.0     
635 gl408     3583.3  40.7 -0.038 0.085 4.881 0.01   0.378 0.008 0.398 0.009 10.9243 1.55    0.14813 
636 gl412a    3724.8  30.1 -0.394 0.083 4.901 0.009  0.365 0.007 0.387 0.008 10.2592 1.54    0.20627 
637 gl433     3727.1  31.6 -0.014 0.082 4.805 0.009  0.454 0.008 0.482 0.009 10.0098 1.49    0.11029 
638 gl445     3376.8  50.4 -0.089 0.065 5.002 0.014  0.261 0.007 0.25  0.008 12.1215 1.59    0.19026 
639 gl450     3737.5  34.0 -0.08  0.082 4.816 0.009  0.442 0.008 0.469 0.009 10.1194 1.52    0.11414 
640 gl47      3614.5  35.1 -0.123 0.081 4.889 0.009  0.372 0.007 0.393 0.009 10.1605 1.39    0.09509 
641 gl48      3655.3  30.4  0.132 0.074 4.806 0.008  0.453 0.007 0.482 0.009 10.4055 1.46    0.12142 
642 gl486     3345.1  57.0  0.086 0.057 4.913 0.014  0.336 0.009 0.339 0.01  11.8279 1.56    0.12382 
643 gl49      3808.1  31.5  0.179 0.075 4.734 0.009  0.532 0.008 0.563 0.012  9.5478 1.5    10.24041 
644 gl514     3837.7  33.2 -0.114 0.079 4.777 0.01   0.481 0.008 0.507 0.01   9.6283 1.5     0.13124 
645 gl528b       0.0   0.0 -0.046 0.061 4.62  0.02   0.679 0.024 0.7   0.03   7.9725 1.2     0.0742  
646 gl569a    3703.0  31.7  0.09  0.08  4.795 0.009  0.466 0.008 0.496 0.01  10.2411 1.48    0.10068 
647 gl625     3637.5  32.9 -0.363 0.083 4.957 0.011  0.309 0.007 0.317 0.01  11.0382 1.591   0.15447 
648 gl667c    3634.9  32.6 -0.338 0.083 4.951 0.011  0.315 0.007 0.326 0.01  11.0035 1.57    0.13802 
649 gl686     3770.7  31.3 -0.265 0.085 4.842 0.01   0.417 0.008 0.444 0.009 10.0699 1.53    0.12256 
650 gl687     3561.3  41.8  0.063 0.078 4.859 0.01   0.397 0.008 0.418 0.009 10.8705 1.5     0.21978 
651 gl694     3623.5  35.7  0.061 0.079 4.835 0.01   0.423 0.008 0.449 0.009 10.614  1.55    0.10498 
652 gl699     3332.2  47.8 -0.294 0.078 5.134 0.011  0.177 0.005 0.156 0.004 13.2379 1.74    0.54745 
653 gl745a    3641.8  32.2 -0.379 0.082 4.96  0.012  0.306 0.007 0.314 0.01  11.0706 1.55    0.11334 
654 gl745b    3641.6  32.2 -0.377 0.082 4.959 0.011  0.307 0.007 0.315 0.01  11.0119 1.55    0.11321 
655 gl793     3559.1  41.5 -0.009 0.081 4.883 0.01   0.375 0.008 0.394 0.01  10.9353 1.56    0.12375 
656 gl803     3835.8  69.3  0.194 0.09  4.72  0.03   0.547 0.034 0.577 0.034  8.6296 1.45   -1.0     
657 gl806     3680.5  32.8 -0.117 0.083 4.853 0.009  0.407 0.008 0.432 0.009 10.3057 1.491   0.083   
658 gl83.1    3185.0  40.0 -0.14  0.069 5.134 0.012  0.172 0.004 0.148 0.004 13.9918 1.82    0.22363 
659 gl87      3812.9  30.5 -0.354 0.084 4.84  0.009  0.418 0.007 0.444 0.008  9.9477 1.43    0.09516 
660 gl876     3293.7  48.4  0.213 0.064 4.875 0.012  0.367 0.008 0.37  0.009 11.8087 1.6     0.21387 
661 gl905     3114.9  45.8 -0.028 0.064 5.121 0.013  0.176 0.005 0.149 0.004 14.7716 1.91    0.31696 
662 gl908     3787.0  29.1 -0.461 0.084 4.879 0.009  0.384 0.007 0.408 0.009 10.1002 1.48    0.16936 
663 hip103039 3257.2  55.2  0.024 0.061 4.994 0.015  0.261 0.008 0.246 0.008 12.7121 1.653   0.17812 
664 hip104432 3719.0  29.4 -0.491 0.085 4.933 0.009  0.335 0.007 0.352 0.009 10.4478 1.49    0.0847  
665 hip109388 3562.7  30.5  0.396 0.062 4.791 0.009  0.468 0.007 0.496 0.009 10.704  1.52    0.1136  
666 hip11048  3891.2  35.0  0.22  0.079 4.698 0.01   0.575 0.009 0.603 0.012  8.9596 1.51    0.08378 
667 hip112460 3484.5  47.1 -0.067 0.071 4.933 0.011  0.322 0.008 0.327 0.011 11.7741 1.54    0.19801 
668 hip115332 3366.7  49.2  0.311 0.071 4.844 0.014  0.403 0.01  0.415 0.009 11.5841 1.5     0.09465 
669 hip117886 3912.7  37.1  0.065 0.079 4.717 0.01   0.549 0.009 0.574 0.011  8.9141 1.42    0.04268 
670 hip1368   4170.7  44.5  0.126 0.074 4.644 0.011  0.641 0.009 0.662 0.016  8.061  1.42    0.06804 
671 hip19165  4363.2  48.6 -0.071 0.066 4.639 0.012  0.641 0.008 0.657 0.016  7.834  1.22    0.03865 
672 hip21556  3725.6  32.0 -0.012 0.081 4.806 0.009  0.453 0.008 0.482 0.01  10.1268 1.52    0.08917 
673 hip22627  3411.8  46.6  0.183 0.072 4.87  0.011  0.381 0.008 0.393 0.01  11.5428 1.6     0.0809  
674 hip22762  3673.9  32.6 -0.165 0.082 4.868 0.009  0.392 0.008 0.416 0.009 10.4395 1.52    0.08372 
675 hip23512  3454.4  44.9 -0.122 0.068 4.977 0.014  0.284 0.007 0.279 0.009 11.8743 1.661   0.10833 
676 hip24284  3679.7  33.5 -0.054 0.083 4.837 0.01   0.422 0.008 0.448 0.01  10.2943 1.55    0.08226 
677 hip30112  4315.7  48.8  0.139 0.074 4.621 0.013  0.674 0.01  0.696 0.017  7.7258 1.273   0.03723 
678 hip36338  3540.9  42.7  0.039 0.079 4.874 0.011  0.383 0.008 0.402 0.009 10.9859 1.42    0.08534 
679 hip36834  3780.0  29.6 -0.44  0.086 4.878 0.009  0.384 0.008 0.409 0.009 10.4978 1.7     0.08465 
680 hip37217  3479.9  42.8 -0.119 0.071 4.961 0.013  0.299 0.007 0.298 0.01  11.5225 2.0     0.09584 
681 hip37766  3301.2  48.5  0.125 0.056 4.905 0.013  0.34  0.009 0.341 0.009 12.2542 1.61    0.16702 
682 hip41689  4098.8  38.2 -0.324 0.077 4.728 0.009  0.527 0.007 0.546 0.01   8.8838 1.345   0.04923 
683 hip42220  4083.7  40.7  0.136 0.074 4.657 0.01   0.622 0.008 0.643 0.013  8.5655 1.417   0.0711  
684 hip428    3827.1  33.4 -0.007 0.081 4.761 0.009  0.5   0.008 0.526 0.011  9.6671 1.48    0.08696 
685 hip46655  3450.1  51.7 -0.04  0.069 4.943 0.014  0.313 0.008 0.315 0.01  11.796  1.6     0.101   
686 hip46769  3855.0  32.8 -0.164 0.081 4.78  0.01   0.476 0.008 0.502 0.01   9.5326 1.475   0.07367 
687 hip47513  3711.0  31.3  0.041 0.082 4.8   0.009  0.459 0.008 0.487 0.009 10.1239 1.5     0.08655 
688 hip48714  3934.1  35.8  0.214 0.08  4.686 0.011  0.59  0.01  0.619 0.012  8.8977 1.47    0.09494 
689 hip51007  3817.7  33.8  0.067 0.08  4.751 0.009  0.512 0.008 0.54  0.01   9.6873 1.45    0.078   
690 hip53020  3265.1  55.9  0.086 0.056 4.946 0.015  0.3   0.009 0.291 0.01  12.9055 1.68    0.1435  
691 hip54532  3703.2  32.2 -0.03  0.077 4.822 0.009  0.438 0.008 0.465 0.009 10.3055 1.55    0.09278 
692 hip55360  3863.5  25.7 -0.291 0.067 4.803 0.008  0.453 0.006 0.477 0.008  9.526  1.42    0.11017 
693 hip5643   3192.9  45.2 -0.23  0.077 5.172 0.013  0.158 0.004 0.135 0.003 14.2492 1.85    0.26936 
694 hip57050  3357.6  48.4  0.16  0.066 4.88  0.01   0.367 0.008 0.374 0.009 11.7871 1.6     0.09076 
695 hip57087  3586.1  36.4  0.099 0.078 4.841 0.009  0.417 0.008 0.441 0.009 10.6301 1.52    0.1025  
696 hip57548  3206.0  51.4 -0.042 0.07  5.072 0.013  0.206 0.006 0.183 0.005 13.4626 1.77    0.29631 
697 hip59406b 3547.4  47.3 -0.06  0.082 4.902 0.01   0.357 0.007 0.371 0.008 12.0805 1.4     0.07835 
698 hip60559  3604.5  35.1 -0.414 0.081 5.02  0.013  0.256 0.006 0.252 0.008 11.5661 1.62    0.11274 
699 hip60633  4527.7  42.2  0.288 0.074 4.576 0.012  0.743 0.007 0.764 0.017  6.8886 1.13    0.0239  
700 hip63510  3833.4  31.6  0.247 0.08  4.713 0.01   0.558 0.008 0.587 0.011  9.43   1.45    0.08686 
701 hip66459  4023.2  39.0 -0.2   0.079 4.729 0.01   0.53  0.009 0.551 0.011  8.8823 1.4     0.09125 
702 hip67164  3415.9  57.2  0.065 0.064 4.898 0.014  0.353 0.01  0.36  0.009 11.5257 1.542   0.08923 
703 hip70865  3748.9  34.2  0.118 0.082 4.769 0.008  0.492 0.008 0.522 0.01   9.8974 1.471   0.07018 
704 hip70975  3402.0  59.1  0.044 0.059 4.916 0.014  0.336 0.01  0.341 0.011 11.7054 1.61    0.09207 
705 hip71253  3218.1  58.3  0.168 0.056 4.911 0.015  0.331 0.009 0.326 0.009 12.4177 1.62    0.16011 
706 hip71898  3674.8  33.3 -0.226 0.084 4.885 0.009  0.377 0.007 0.4   0.009 10.9089 1.615   0.09148 
707 hip74995  3490.4  42.5 -0.088 0.074 4.942 0.013  0.315 0.007 0.319 0.01  11.5741 1.61    0.15875 
708 hip8051   3629.9  35.0 -0.073 0.085 4.867 0.009  0.392 0.008 0.414 0.009 10.7035 1.52    0.08834 
709 hip80824  3350.4  57.8  0.059 0.059 4.927 0.015  0.323 0.01  0.323 0.011 11.9708 1.6     0.23221 
710 hip83043  3807.2  33.9  0.044 0.083 4.759 0.008  0.502 0.008 0.53  0.01   9.5516 1.59    0.09631 
711 hip84099  3507.9  45.8  0.077 0.073 4.874 0.011  0.382 0.008 0.399 0.01  11.1388 1.5     0.08315 
712 hip84790  3578.2  36.2 -0.102 0.082 4.901 0.009  0.359 0.007 0.375 0.009 10.9119 1.56    0.08176 
713 hip86961  3758.0  32.6  0.207 0.08  4.748 0.009  0.516 0.008 0.548 0.01  11.5445 1.463   4.867   
714 hip91699  3562.8  39.0 -0.11  0.082 4.91  0.01   0.349 0.008 0.363 0.009 10.9959 1.63    0.09259 
715 hip92403  3328.0  52.4 -0.214 0.071 5.097 0.013  0.196 0.005 0.176 0.005 13.5848 1.6     0.33612 
716 lhs462    3497.2  43.6 -0.139 0.073 4.96  0.014  0.3   0.007 0.301 0.01  11.5824 1.58    0.08805 
717 s122446   3741.0  69.9 -0.14  0.093 4.828 0.042  0.429 0.04  0.456 0.041  9.3237 1.45   -1.0     
718 s130811   4064.2  69.4  0.229 0.09  4.656 0.02   0.632 0.024 0.66  0.026  8.1012 1.37   -1.0     
